n=1,n=2,n=3,n=4,n=5,n=6,n=7,n=8,n=9,n=10,n=11,n=12,n=13,n=14,n=15,n=16,n=17,n=18,
0 0 0 0 0 0 0 0 0 0 0 0 0 0 0 0 0 0 0 0 0 0 0 0 0 0 0 0 0 0 0 0 0 0 0 0 0 0 0 0 0 0 0 0 0 0 0 0 0 0 0 0 0 0 0 0 0 0 0 0 0 0 0 0 0 0 0 0 0 0 0 0 0 0 0 0 0 0 0 0 0 0 0 0 0 0 0 0 0 0 0 0 0 0 0 0 0 0 0 0 
2 0 0 0 1 0 2 2 0 1 0 0 2 1 0 0 0 0 0 0 0 0 0 1 0 2 1 0 0 2 0 0 0 0 0 1 1 2 1 1 0 0 0 0 0 1 0 0 1 1 0 0 2 0 2 1 1 0 1 0 1 0 0 2 2 2 0 0 2 2 1 0 2 0 0 1 0 1 1 0 2 2 2 0 0 0 0 1 1 0 0 0 0 1 0 0 1 2 2 0 
2 2 0 0 4 4 4 2 2 2 2 4 0 1 2 1 1 0 0 0 3 1 0 2 2 2 2 4 2 2 0 2 1 2 2 1 0 2 2 2 2 0 2 2 0 2 4 0 0 2 4 1 0 4 2 3 3 0 2 3 1 2 2 0 2 0 3 2 1 3 2 4 3 2 2 1 2 1 1 2 2 4 0 2 3 4 2 0 2 2 2 2 3 2 2 1 2 0 0 2 
4 4 4 6 4 3 2 8 4 4 4 6 6 5 2 0 6 6 2 2 4 4 4 2 3 4 2 2 6 6 2 6 3 2 6 4 4 5 4 4 2 2 4 0 6 4 4 8 3 4 3 5 5 0 6 2 5 5 2 4 4 4 6 1 8 4 2 2 3 4 3 4 2 5 5 4 1 2 6 3 4 6 5 4 7 6 4 4 4 4 3 6 3 5 4 4 0 3 4 4 
8 7 7 6 9 12 10 5 6 10 11 6 7 10 8 6 8 9 7 9 8 8 9 8 6 8 11 5 14 4 12 9 13 6 8 6 6 10 6 7 8 12 8 10 2 7 10 10 10 8 7 10 10 7 6 6 2 8 8 10 4 11 10 7 10 6 4 12 11 13 10 10 7 6 4 8 12 8 8 10 10 8 6 8 14 4 8 4 11 8 6 6 7 11 10 9 6 10 10 6 
13 16 15 16 20 16 16 12 24 14 17 14 22 16 8 12 16 10 17 20 14 24 22 20 17 19 19 20 20 21 18 18 12 16 16 14 11 22 16 23 21 14 12 22 12 12 11 13 19 18 16 13 16 19 20 14 18 16 17 19 22 14 16 16 16 19 22 16 8 23 20 13 18 12 10 13 14 17 14 22 14 20 20 18 20 20 16 14 17 18 16 16 21 19 18 11 14 20 16 12 
22 30 28 40 18 38 16 34 36 29 22 29 31 29 43 44 39 29 34 36 36 42 28 30 34 39 42 38 33 36 36 36 30 34 30 26 31 33 30 34 28 33 36 44 30 42 32 24 25 32 38 30 30 48 30 37 36 31 28 34 35 37 34 32 26 34 32 33 42 32 42 22 31 39 38 35 38 32 30 36 42 34 28 39 34 43 22 28 31 36 28 26 40 40 41 32 32 40 30 34 
56 70 76 86 69 82 92 72 60 70 57 76 69 80 89 55 77 77 66 72 70 68 68 63 67 70 68 48 76 78 60 69 74 66 79 68 68 60 70 34 68 70 66 72 58 71 85 30 74 90 70 70 75 72 81 65 66 54 62 74 58 74 76 88 70 86 60 70 72 71 48 66 74 70 75 58 69 76 64 82 79 70 58 57 76 78 85 72 66 62 60 70 61 66 56 78 66 72 68 75 
156 160 168 118 120 150 150 126 174 104 162 153 133 96 146 131 143 127 159 135 125 135 117 108 148 160 126 122 136 166 116 153 150 144 140 163 117 134 120 124 122 148 144 136 148 144 155 140 126 138 134 138 112 125 136 130 160 139 122 120 152 166 138 123 140 148 150 167 160 140 150 154 127 120 166 163 124 143 102 142 130 145 116 142 155 134 151 136 140 135 138 133 120 123 116 123 131 134 131 158 
286 284 304 265 308 326 224 294 283 254 332 322 314 208 274 249 274 283 268 228 276 316 279 300 260 269 264 264 275 262 273 268 316 286 248 308 276 300 278 280 270 285 290 265 268 279 298 284 273 248 298 308 291 260 300 247 261 274 260 251 292 254 260 333 267 250 274 278 252 304 288 327 240 284 318 268 286 228 323 314 225 327 312 272 286 244 269 284 284 311 280 280 222 303 279 248 280 276 283 314 
595 594 588 597 518 563 664 536 540 566 510 542 615 498 516 590 536 542 569 618 567 616 473 469 574 554 616 614 500 569 480 574 595 552 638 614 595 596 584 479 530 673 630 606 558 476 613 572 540 580 573 566 671 555 522 583 511 554 554 564 494 523 457 514 451 592 623 582 537 560 578 552 514 568 631 488 541 573 463 587 580 554 524 458 520 594 523 587 600 558 474 514 512 542 582 484 544 556 588 600 
1070 1278 1200 1112 1038 1189 1180 1095 1164 1092 1173 1174 1047 1144 1032 1088 1256 1088 978 994 1120 1112 1186 1120 1111 1158 1122 1166 1085 1100 1088 1092 1150 1094 1106 1074 1050 1062 1146 1192 1050 1108 1004 1096 1061 1220 1208 1020 1063 1114 1116 1109 1283 1197 1242 936 1039 1035 1036 1162 1161 1135 1197 1114 1092 1022 1072 1152 1140 1109 1051 1052 925 1218 1136 1103 1342 1222 1063 920 1240 1106 1138 1073 1029 1139 1161 1110 1124 990 1144 1138 983 989 1139 1088 1143 1138 1122 1220 
2257 2024 1902 2352 2268 2216 2212 2399 1920 2441 2472 2166 2218 2205 2384 2052 2370 2062 2146 2342 2317 2334 2157 2142 2296 2316 2348 1906 2067 1998 2205 2502 2188 2260 2495 2296 2221 2300 2436 2140 2312 2126 2216 2246 2344 2201 1904 2231 2442 2105 2134 2044 2194 2119 2167 2049 2425 2391 2282 2182 2364 2244 2652 2225 2120 2095 2252 2062 2326 2070 2256 2220 2284 2412 2262 2333 2017 2274 2295 2074 2190 2314 2288 1852 2402 2348 2386 2119 2235 2359 2334 2302 2250 2242 2226 2144 1959 2174 2164 2181 
4476 4108 4665 4574 4604 4393 4407 4297 4768 4940 4562 4808 4784 3719 4473 4613 4128 4166 4682 4618 4126 4645 4162 4794 4472 4880 4412 4444 4628 4576 4390 4819 4612 4918 4276 4164 4500 4182 4578 4642 4083 4716 3940 3892 4084 3885 4614 4728 4427 4446 4679 4250 4790 4136 4352 4905 4444 4525 4458 4664 4736 3898 4258 4450 3964 4436 4436 4090 4964 4588 4421 4300 4757 4741 4414 4674 3989 4634 4610 3838 4602 4404 4700 3856 4592 4022 4522 4186 5000 4471 4572 4642 4713 4464 4383 4530 4700 4201 4403 3902 
8934 9578 9774 10231 8500 8354 9268 8780 9560 9190 8620 8430 9213 9152 9254 8444 8870 8698 9324 8247 9046 9316 9469 9080 8572 9168 9240 8940 9436 9265 8991 9640 9004 9432 9838 10054 9318 9258 9283 9618 9514 9209 8526 8666 9276 8945 9150 9706 8956 8888 8840 9159 9173 8504 9884 9018 9224 8534 9149 8238 8040 9428 9196 9242 9021 9102 8634 9409 9591 8864 9097 9418 8818 9714 9597 8946 9023 9230 9472 9454 9036 8628 9338 9795 8969 9207 8701 7918 9124 8989 9467 8807 8684 8819 8918 8901 9392 9247 8783 9690 
16880 17012 18734 18189 17488 17443 18102 19596 18049 16466 17198 18434 18184 18360 18938 17272 17900 18250 19727 19918 16790 17928 18158 18960 17474 18964 17820 18380 17821 17616 18635 17472 18024 18123 16916 18188 18152 19044 17712 17195 17748 18670 18088 19634 18137 18716 19942 19019 17867 17566 19355 18419 16958 19420 19152 19741 18079 18624 19998 16428 17888 17914 17652 19256 19902 18450 16370 17539 18540 20148 18010 18350 18372 18466 18094 18682 17581 18761 19003 17430 19362 18028 18894 17182 18007 18220 17677 16796 18764 18036 18988 17700 17795 18281 16638 19253 17608 17666 16862 18774 
32988 33480 35194 36498 34955 37570 36976 37828 34126 34590 33844 35062 35770 35893 34439 35217 37834 35083 37006 34794 37740 36834 34151 36360 37291 36116 35158 35756 34878 35049 37409 37068 34974 36692 33888 35496 33670 35064 36238 34616 38760 38034 37156 39176 36469 33393 38294 38251 37438 39322 34820 34168 38279 36610 34358 36180 36328 37719 34616 37326 37677 33026 35614 33696 36194 36160 38858 35263 36787 36489 36303 31318 35990 35039 38049 32363 35711 34566 34108 35276 36620 37676 35508 35049 38930 37200 35670 37805 34694 34424 32890 35141 37553 37589 36668 37008 34635 37040 35692 36328 
75559 74854 73414 75980 71903 64090 71474 71779 66042 74021 73422 69908 71904 69330 73517 73428 72426 68976 70578 72180 72646 71362 73734 71296 72990 71824 75166 73529 72043 74457 66952 74312 76328 72792 71839 75124 66302 70452 73240 69448 72338 71634 76450 65486 75043 72750 71480 72566 73013 73097 68696 74218 70965 75482 77355 69654 75751 71340 73512 74806 74237 72126 74080 76524 72372 67207 71375 72396 68790 78175 71376 73764 72226 71362 70954 73477 76800 67322 71891 72090 74680 72034 69436 72408 75230 69759 76392 70653 69986 74484 75327 75139 67390 68988 65035 71766 71110 76964 76486 74122 
