20
11
-14
-22
-22
-15
8
2
-35
-14
-22
-25
-32
-14
8
-18
36
-25
-23
14
-5
-5
-13
-17
-4
-23
12
-9
7
6
20
3
-8
-6
7
-30
-39
6
4
23
-16
-22
-37
6
19
-5
-11
-2
-5
-16
-4
5
13
22
-12
-14
-26
-46
12
-23
2
17
-7
59
4
-30
32
-2
-10
-1
-9
-4
52
30
-5
-8
-2
33
-5
-29
30
35
0
-24
20
-40
18
-8
-26
54
-20
0
-28
-14
24
10
30
41
2
4
-6
35
-10
-7
6
-12
6
1
11
-21
-39
41
31
13
-52
32
18
51
19
27
-39
27
26
7
-3
-27
39
-25
20
-8
-1
-2
-1
16
-30
12
30
-29
36
34
15
3
-22
13
3
35
-40
-10
-11
-15
3
44
-2
-28
-20
0
18
-6
-16
-11
14
19
17
6
50
-24
-12
-27
-28
25
11
3
-27
17
17
40
-18
40
4
-13
10
9
26
13
-8
8
-3
4
18
18
-7
-4
-15
-24
-29
23
28
-35
14
-10
-53
-14
5
3
10
33
-9
-7
20
30
18
30
-30
1
4
-15
-4
0
25
8
-46
-4
-27
-21
-1
-1
-5
21
5
1
13
-36
-56
13
-8
15
22
21
43
16
-16
3
-59
13
-26
29
18
-26
-19
-27
-33
26
-38
-20
0
-21
13
-9
5
-35
6
0
23
21
-41
-29
27
18
7
-26
5
3
-5
15
-5
37
-6
8
31
16
78
11
13
30
-6
-14
2
6
-28
49
-9
-22
1
44
34
-31
7
-13
13
21
-4
5
-8
0
12
-15
-1
6
48
-40
10
-26
-34
-44
40
64
2
37
8
-6
6
18
-8
-2
-7
44
-9
-14
57
44
9
-5
-10
-14
5
-42
-50
-8
8
5
-1
-2
-24
28
-43
-15
-17
8
-3
-60
-13
-7
-11
37
14
-12
-3
60
-40
-3
-16
-5
25
-49
32
29
-2
-38
0
-55
15
4
13
31
40
23
-13
-27
-14
-18
31
-22
-6
-7
-15
49
-27
-1
31
25
-12
-55
-4
18
-18
1
-40
-42
-10
-11
24
31
-27
-23
-58
-32
-17
-1
14
-22
-43
35
-34
0
-24
-1
9
-14
56
-25
9
-1
-24
18
33
18
19
25
-36
-23
-22
29
24
-29
6
-22
-17
-10
4
-9
-4
-1
14
-1
-1
25
14
-15
-4
-43
-24
-17
0
-11
-21
-4
31
-4
-33
14
27
21
-22
34
5
5
-14
6
8
-34
-18
17
41
-21
-13
24
-8
-29
-20
-2
12
47
49
13
-1
56
14
-25
-13
-42
37
-17
-52
-25
20
-50
-18
8
25
-1
