42
16
-33
-44
-58
-26
22
-9
-69
-26
-49
-56
-54
-25
7
-48
52
-47
-47
32
-5
-26
-30
-61
-2
-32
36
-11
34
14
49
-27
-24
-10
11
-74
-50
17
-22
21
-36
-43
-78
-9
4
-28
-24
-18
-12
-21
-20
9
1
27
-20
-33
-53
-70
1
-56
-2
26
2
99
32
-56
63
-12
-21
-10
-17
-8
107
68
-14
-50
-8
70
-4
-60
69
70
-6
-17
31
-70
32
-45
-25
100
-38
19
-52
-33
42
38
49
77
9
-16
-18
93
-10
-4
17
-10
-1
-1
31
-24
-101
97
41
20
-100
82
22
88
39
91
-75
54
45
1
8
-39
45
-42
35
2
-12
-7
0
20
-74
2
72
-45
103
39
44
-4
-33
64
11
69
-81
-14
-11
-10
16
64
-9
-36
-27
2
74
0
-26
-33
9
37
32
47
96
-37
7
-44
-62
38
26
25
-57
26
56
86
-26
88
28
-33
30
43
28
22
-45
-4
-5
42
45
44
12
-19
-46
-62
-54
14
51
-73
34
-25
-91
-32
11
10
41
60
-22
-32
26
85
26
44
-25
0
24
-37
-11
-1
52
25
-90
5
-49
-41
-14
-16
-21
16
14
17
23
-91
-94
18
-9
13
47
25
65
59
-34
9
-87
37
-62
46
58
-41
-56
-51
-58
64
-30
-50
3
-32
29
-36
7
-80
16
-4
58
74
-86
-63
85
22
7
-34
3
-48
-21
31
-27
78
-10
23
53
20
117
60
31
47
-29
-25
-2
-29
-44
100
-22
-54
7
63
38
-67
28
-8
4
25
15
41
-5
21
32
-27
-7
28
87
-83
49
-54
-65
-93
73
103
8
65
-1
0
3
34
-19
-28
-9
62
-15
1
118
110
2
-1
-38
-12
23
-76
-69
-16
23
16
-20
-19
-63
61
-98
-38
-24
10
-13
-87
-12
-4
-4
67
44
-1
-2
124
-66
-25
-38
12
65
-97
68
54
-29
-78
-8
-83
54
2
37
50
45
73
-23
-47
-38
-26
65
-8
-22
-51
-29
90
-45
10
84
58
-24
-118
-15
25
-33
13
-63
-79
-30
-41
66
43
-48
-60
-105
-49
-44
6
34
-46
-105
56
-81
-30
-41
2
32
-49
94
-35
36
12
24
2
75
40
58
52
-81
-53
-54
91
80
-74
-7
-34
-41
-26
9
-43
-8
-19
50
-14
14
72
54
-18
-19
-54
-42
-24
5
-36
-42
-10
73
-13
-71
51
60
27
-32
81
-6
7
-7
24
30
-66
-10
34
67
-15
-5
18
-24
-61
-33
-7
25
66
97
17
-9
78
16
-44
-16
-65
75
-24
-116
-53
16
-80
-32
1
76
16
