-70
148
-189
134
-206
60
-121
23
93
-174
-2
61
15
61
37
7
309
-257
-160
305
44
17
-45
-333
87
98
-169
-148
-55
-36
-176
-168
-90
111
-11
-186
105
74
-22
141
194
-57
-100
-4
-14
156
-228
89
-83
125
53
38
39
-151
39
-170
280
-124
131
13
-17
18
128
-80
-86
-123
-169
-153
-58
60
-201
74
-275
180
-24
-33
-256
-129
-17
-364
1
-260
-55
206
-44
50
-111
-93
-96
63
172
-205
158
-88
-51
-99
304
-56
-68
82
256
-103
-5
-5
-195
7
-92
29
-260
94
21
87
203
-184
-137
46
-108
-28
-25
-140
-38
-146
224
20
152
-12
90
239
10
35
93
217
-10
-71
-104
162
-54
175
-28
-66
-248
41
56
-135
-7
-178
45
-43
140
61
-68
189
-23
-266
183
211
152
-76
-281
-50
200
2
150
142
-45
133
101
-37
-72
-294
-153
-12
262
60
-378
-2
124
-100
-196
29
27
-37
306
216
-41
2
-89
-5
40
151
173
119
-131
355
1
24
-51
-343
-138
23
83
-59
158
-81
-315
-138
-103
47
145
1
-235
33
-63
-197
63
84
-9
-63
15
-229
-109
-58
86
91
97
7
221
209
-67
105
-162
229
-163
165
-70
160
-196
-75
-5
21
148
-36
51
26
262
-169
-89
-56
-191
250
-29
33
-94
-103
-2
-75
11
-45
110
-89
-196
-370
-253
-28
86
-96
-2
21
35
-58
-343
-32
-130
217
11
-27
-185
213
1
40
76
144
-31
-141
35
152
-5
5
-27
-228
65
-148
73
-139
107
111
-156
-120
-175
118
-141
48
-71
-143
-59
-397
-167
-164
257
-100
-84
9
44
173
-124
186
-86
18
115
-35
77
126
68
23
-34
-184
55
230
-29
93
-4
209
68
262
-84
-104
-103
55
102
266
62
38
-13
77
11
-174
-21
8
5
36
-112
132
9
213
-149
253
31
155
-237
360
29
-8
-56
-96
-91
-85
-162
58
-56
76
40
87
-103
-59
-136
0
-63
-146
67
-206
125
108
84
148
-146
-59
-70
152
62
-31
-174
-26
9
-40
26
-17
-27
-147
-61
-124
174
-91
-8
-277
-40
-76
68
0
183
155
-297
-88
187
-1
80
-73
-41
-264
123
113
-54
40
-80
-62
-56
160
-208
278
26
-208
-170
-124
20
-127
-104
-164
-58
-4
-156
9
178
195
-17
130
-63
38
-68
-325
129
54
36
-60
10
260
-105
19
200
41
1
62
93
37
-205
-114
159
256
-40
28
33
-47
337
142
120
-119
105
162
78
17
277
29
80
0
-16
40
-32
-185
-185
-12
-18
10
150
71
29
-14
153
36
-86
148
119
-172
141
-357
11
54
83
179
184
167
18
8
-199
-74
-3
135
-29
-89
2
-219
198
-33
-54
258
-50
11
66
171
-16
-4
-114
-38
-33
-50
-9
-244
-225
-9
-165
-99
-74
39
-75
62
-287
-34
-81
-114
142
123
28
131
-10
215
-152
-85
53
-27
51
383
-153
184
135
62
-47
192
52
-146
195
34
-89
156
-122
226
-8
207
40
-1
-110
-4
58
-92
24
-89
-53
154
-17
-58
-79
-83
43
-110
-152
14
-19
93
9
28
87
74
51
42
-122
-47
115
86
-4
83
-98
13
105
-123
169
225
-126
26
215
-265
-19
-188
113
119
260
-90
80
-8
197
-55
322
-53
34
90
-5
64
-57
207
3
206
-157
-10
44
50
-17
13
28
6
-243
-27
228
93
250
195
-80
-241
88
-56
183
20
121
65
20
236
-76
114
7
-17
-91
-252
58
32
33
90
-68
-101
87
-184
5
63
-23
-70
63
78
-179
-23
150
-62
18
219
-18
19
24
237
-58
-174
-2
95
1
34
139
-132
-213
28
-233
-4
167
-111
2
-73
-85
89
88
102
144
14
-20
-5
-6
-150
322
102
-53
-21
96
75
116
-76
37
216
91
173
222
199
-88
-112
130
-53
35
-110
-87
53
36
-180
-69
100
-10
8
-14
154
-113
-126
37
-42
164
-15
-108
-50
125
-63
-92
44
80
149
92
301
174
35
289
76
324
152
-127
215
208
252
-32
-229
117
115
17
-53
60
210
63
186
-125
-184
-18
31
-74
-58
232
-163
-194
-99
147
105
123
119
-162
-29
5
173
115
-105
-50
259
256
-78
5
-179
100
-135
-173
-53
-27
106
93
66
-147
11
104
120
-73
142
-272
-30
72
-289
-97
-87
-95
22
72
190
135
-39
-18
-100
-98
176
73
273
-103
-16
118
177
1
64
274
-10
136
-102
53
-79
-31
-84
96
-15
-122
37
-15
-35
-250
-129
-261
-13
99
10
87
-98
-98
15
-83
86
-116
-87
-65
48
-236
313
243
-112
198
117
-87
-159
-199
189
-187
-88
76
145
49
-192
-232
-79
-73
124
-76
214
-83
120
113
-58
73
-70
-199
89
184
80
170
188
-28
-18
-137
-52
111
-30
-21
6
-100
231
-4
76
77
71
-186
187
371
-62
-34
-32
-223
83
96
87
79
-62
4
-89
-74
280
-78
180
-198
-16
74
128
-126
4
-14
47
-206
-89
-76
57
-123
-10
-99
179
29
-287
-48
98
54
-81
-115
-35
-96
51
48
109
-89
-94
-113
-195
-215
49
-171
-93
-68
85
88
181
111
50
-51
-5
128
105
58
8
-367
-270
-167
-68
-277
-131
219
-73
236
-192
18
-18
85
-69
-58
112
-9
66
-175
250
105
-200
63
-314
398
-21
292
72
215
-188
-21
80
253
75
-30
-145
-175
29
-29
-83
-211
-56
9
-91
111
-103
90
169
159
-87
132
-85
123
72
84
-58
-123
-118
-203
-246
198
2
-18
107
56
109
-95
-168
23
202
-93
10
-300
26
-23
-116
-134
-226
-60
1
-189
87
-89
21
50
-266
-120
244
-47
-85
125
76
-138
-5
210
-105
-19
-245
115
-39
-100
230
9
-150
-32
-116
61
-70
97
158
-115
-91
-97
-192
-63
43
120
115
80
125
113
185
185
-58
-50
-263
-46
46
145
-147
-181
-14
-198
-70
-160
-70
-169
-102
79
235
4
-91
275
67
69
123
135
-191
37
39
-2
48
174
-277
101
115
288
234
-167
108
-223
105
-69
-70
-6
228
145
113
-5
60
105
-74
-97
-103
107
-15
52
-60
103
-25
96
-130
-216
-58
-42
147
37
-162
147
-209
125
-77
8
87
-209
22
-16
-130
31
139
-235
-141
-182
113
29
346
85
-196
56
-117
43
-156
179
120
301
20
268
-137
-67
149
255
6
130
-233
243
190
187
-90
120
-128
63
91
-116
-96
14
19
124
-162
-20
-124
-13
59
-85
38
-221
25
-178
46
-39
48
-47
98
-127
-81
44
20
-148
-47
-89
-78
134
46
324
-215
-45
79
55
80
-46
-102
112
-48
23
-56
-114
-55
107
101
112
183
76
-61
91
67
205
15
66
-48
49
-188
-13
-119
-352
81
-180
46
57
23
-13
38
74
23
131
-68
84
-35
260
288
81
97
50
-137
54
19
57
169
-71
-115
-81
125
2
-42
-228
86
22
-55
25
-19
250
14
-117
-98
8
-264
-238
35
187
-93
-77
148
73
-185
262
123
-10
49
-7
-52
179
140
39
-123
-63
-129
99
-61
-89
49
111
-107
-119
13
-43
7
-153
296
47
47
26
59
-74
-37
42
-55
55
-14
-105
11
66
-30
156
44
53
152
-10
-151
161
167
-160
1
-46
61
67
168
-33
109
9
-134
-203
-144
121
-205
-107
124
112
-11
-66
28
-123
-96
-66
-94
-107
128
-138
-64
-50
295
74
-219
148
81
-15
-226
136
190
-193
61
21
-107
316
-166
99
157
-42
153
218
-244
-126
-37
123
83
-23
91
-91
-116
-145
149
269
-75
-174
53
-96
-45
-213
45
315
11
137
-69
-248
-272
-90
99
-62
20
125
57
53
-34
-27
38
43
55
23
-74
87
-198
-95
-118
70
-95
-20
-185
-64
-44
-296
124
-15
-77
232
26
46
-306
0
74
123
146
30
-191
14
32
-2
-137
-120
-245
86
73
251
-3
179
87
-17
-15
-134
-122
-44
-81
-31
-20
2
-147
-155
-48
-215
-44
-26
132
-123
-93
-80
5
236
-135
96
-105
54
29
66
63
15
132
-352
4
9
67
-25
-4
17
345
-88
-90
-264
171
54
-31
-121
-48
128
72
266
-54
111
-8
-100
-35
68
300
43
-149
-4
29
236
83
-27
23
-51
103
-10
-40
43
214
-92
204
72
52
-152
248
86
71
-151
27
65
140
191
229
-86
-63
-9
224
-205
60
143
154
46
187
-133
-107
220
-45
-62
-101
-142
119
27
-53
-146
213
232
51
-14
-166
-82
1
61
10
-175
-239
-75
-106
-128
140
-322
102
-165
-184
-25
-70
-29
-193
104
98
-121
-3
-29
-22
-212
101
85
-201
-107
146
-177
-91
38
-1
-64
-79
149
94
125
84
16
134
-103
-102
-314
46
38
100
-164
274
-39
-373
97
219
-50
-45
3
102
-202
0
-24
103
116
-59
-51
153
-62
63
41
-91
37
-34
-105
45
69
-91
15
-115
143
104
-115
256
293
-85
-25
135
-133
-265
-139
-46
-185
-298
53
-56
42
14
-234
11
-5
139
40
123
20
109
79
153
-225
-119
-25
115
142
-172
108
-67
-132
-245
71
-96
-123
29
145
-29
126
204
-179
-148
43
-383
-167
126
-2
-263
-302
-171
3
131
-26
9
-65
19
-38
-166
58
180
18
107
-197
210
10
-18
-416
-421
-113
-185
63
-176
-228
-328
174
-7
299
-49
138
50
39
21
-141
-4
6
-31
42
111
-67
101
-176
54
15
-83
121
-112
-194
-134
-54
-47
172
-67
-46
-37
113
-71
13
-225
215
43
-107
197
470
120
24
145
-138
118
-61
54
142
-163
-128
-255
149
-87
-111
-453
-66
159
35
-204
199
247
79
-18
-210
5
-73
243
44
266
172
-61
-358
-98
-47
-134
-130
-30
-246
128
41
-137
-188
-98
-67
-9
187
-205
-14
-123
-78
85
103
71
44
49
164
96
-58
-123
161
-185
49
-252
125
103
118
52
96
36
71
42
-306
-22
131
50
158
-259
151
173
108
62
-24
29
67
-30
-191
-119
-11
-49
-64
112
211
-6
-12
-128
-6
22
-127
-88
-102
101
-185
44
96
-86
-33
31
100
62
-226
-218
-82
-23
-13
-117
-119
45
256
19
-23
-118
-195
186
156
77
-52
-194
64
-63
60
-62
1
-183
121
14
97
-198
72
108
-118
8
-209
-51
-7
21
12
32
112
101
-89
-296
101
44
-354
-46
-5
-13
3
270
80
57
167
50
-2
229
18
-92
117
-247
-55
-117
-194
27
45
-78
55
-66
233
80
8
140
17
-12
187
-266
-68
174
178
-32
154
3
-96
69
-60
211
55
-54
110
221
-87
59
-6
0
-132
-234
-56
209
-105
-14
99
15
135
-181
-23
88
0
114
129
187
348
55
47
-78
-60
185
-45
136
23
14
-104
83
-18
104
13
96
107
148
84
-186
-162
-127
212
79
-127
119
-20
37
-4
8
-122
112
199
-143
258
-66
324
25
151
-63
-135
195
-32
179
-213
158
-200
-21
117
286
-118
8
-96
-33
151
8
65
91
-104
-35
-204
-3
-195
187
-200
-18
-146
55
81
241
-107
83
-5
47
64
-193
187
-138
319
75
23
-149
-158
45
108
-16
55
104
174
233
176
-277
-158
-58
186
-203
164
57
-80
-199
-28
19
-41
-56
-73
-94
-144
-70
-4
81
-5
-22
174
1
84
-65
-193
-123
-172
206
-116
68
-59
200
-45
185
70
-96
51
-22
47
268
3
-20
-14
-13
67
-126
35
-11
0
-173
16
4
-53
23
47
117
-209
86
-23
-94
-27
39
147
40
165
131
-77
116
396
110
400
61
-167
15
-121
-118
-62
115
-38
-198
100
34
-50
-188
61
-125
-10
157
65
189
168
-36
-31
-19
-146
68
59
64
-211
52
116
-20
237
118
213
-60
108
1
123
-113
243
-39
67
-280
-93
91
109
-58
293
-1
-142
107
90
93
-48
-8
-181
-2
65
93
31
-9
14
6
-15
145
66
-30
59
107
-243
-160
160
-112
-1
36
-86
53
-133
-369
-44
43
226
68
119
-9
138
60
51
58
103
105
-37
-53
32
-26
238
-136
-91
112
59
-253
-44
151
-155
118
-44
-60
81
-14
-37
41
266
-214
82
-97
-29
86
-223
36
73
319
242
-143
7
-83
-59
-205
14
107
12
24
-124
36
140
16
177
11
207
-210
109
-229
122
93
48
-108
80
-17
-85
302
38
44
-295
3
-240
217
69
-80
-72
58
-9
-67
-137
-37
112
9
-74
-110
-85
-127
91
-87
18
-26
162
32
158
-69
136
-67
99
-146
-29
77
-147
116
72
-55
256
82
-84
236
66
213
59
98
-115
63
105
335
223
-1
-117
-98
-32
-152
71
172
271
308
142
17
-126
47
-28
165
206
-163
37
-153
179
50
-112
-203
1
221
200
12
148
-59
136
101
11
-65
163
-148
-102
194
-243
-104
-31
179
-18
-49
206
140
-5
22
36
103
-333
75
-245
-95
-42
25
-147
-27
162
200
-127
185
-78
49
174
-2
189
126
-128
-46
46
40
-41
241
-7
-29
-205
-51
-52
205
146
-66
6
80
27
55
-40
-162
-195
171
-159
-32
-11
31
87
-147
238
109
-28
147
-66
-19
-164
-59
-238
100
-61
-168
-18
100
-75
-405
190
-120
-279
-129
-49
126
70
166
29
-189
256
-243
-2
88
334
-82
99
86
188
4
-71
-68
-126
76
-140
-126
-17
-62
-12
112
94
-264
-212
-75
8
-172
48
96
106
0
-18
-32
-72
67
103
-99
124
163
160
150
197
209
-47
43
-151
18
-133
88
-17
87
-104
86
242
-185
-52
-19
39
125
222
-65
69
179
-58
80
-19
64
106
-175
-224
124
-64
-213
55
21
89
460
-1
50
48
28
-18
30
-258
-103
-132
82
-149
156
-150
-186
64
-19
50
-147
183
172
92
106
-40
163
243
41
143
117
226
-29
75
-5
48
107
-110
180
9
-175
103
-132
161
-153
128
25
-130
11
34
271
-16
-58
-181
57
-299
-61
-29
78
-67
22
-82
92
-134
66
117
-281
-225
72
-34
-96
153
-9
-231
118
88
-217
78
43
-11
34
-315
-42
15
16
8
-211
-87
-71
258
10
176
109
-48
166
-323
216
-107
-109
214
96
223
-46
25
-20
301
5
-177
91
230
-89
199
31
8
-69
140
34
70
78
-194
-136
30
64
42
108
-147
42
42
-200
88
-77
-82
173
125
114
-50
-202
-1
216
-145
60
-143
68
-54
-163
88
-76
123
67
34
-49
184
22
-2
-18
-94
-136
-128
60
68
341
-131
252
-161
112
214
70
1
-207
120
36
99
146
-46
-295
179
-182
35
272
-68
-79
146
9
-114
-31
-79
-46
45
31
0
78
136
-87
24
-151
84
-226
39
221
-162
110
-347
-89
134
-20
-12
-56
-4
157
155
15
109
192
30
-84
-235
-10
-140
66
134
188
83
-24
-53
9
-147
-255
18
186
37
-69
101
63
-57
44
222
-91
112
-122
255
-33
-177
168
28
162
9
-22
-79
3
114
-170
-65
-7
19
-259
-58
12
-40
228
-106
13
-14
57
-49
-90
-25
-156
-86
212
119
-139
76
-147
-13
212
-209
15
134
116
184
-9
-85
-62
119
-4
244
-39
100
-62
-108
-57
-28
113
94
-121
60
253
75
249
-92
54
-135
17
-171
-382
-32
-56
188
20
-58
67
171
24
160
-252
-36
-219
290
-100
201
181
72
-47
23
208
-241
-213
160
90
61
-12
173
-212
-44
34
152
-130
48
196
-64
-5
37
-150
12
-24
-131
-55
19
4
127
-121
85
-8
-89
17
78
25
-90
-215
-12
-122
204
-419
-37
203
98
231
139
-144
201
-2
56
48
-64
22
-247
-5
130
99
-125
-97
56
98
27
-127
185
13
-19
-24
25
-261
-43
239
30
84
195
123
21
115
176
-4
-34
-103
-200
-70
110
-106
-298
-152
-129
-222
-60
24
19
293
47
104
-154
216
97
127
28
223
-19
-3
-61
12
45
-135
6
38
99
147
-130
252
-14
249
-64
-149
96
-143
59
214
-194
-39
43
282
-191
33
-134
-110
169
176
110
26
101
-168
-91
200
5
-52
3
-22
-99
-209
-92
-63
91
-147
14
-138
-151
-7
-189
88
80
62
21
6
-80
-48
-120
183
-112
-93
33
-161
31
-106
-10
-77
-246
197
-73
209
-235
-66
112
-32
60
383
-126
15
-95
120
205
3
-142
-22
121
67
-115
-300
-23
123
100
30
-94
149
-58
-84
132
-28
155
-61
92
195
118
-13
-180
-18
-74
165
85
135
241
124
-23
-168
-58
-44
9
-47
-271
23
10
-139
162
103
35
-68
125
-303
-62
88
248
-168
-122
111
67
-158
103
39
-8
-123
5
25
-14
-153
-131
134
30
133
-150
-248
-55
61
73
44
48
-114
-65
155
-94
127
-123
-50
51
60
-6
15
79
-385
384
57
118
109
-147
-10
-27
-75
-94
-63
22
154
60
-152
57
13
-39
235
31
60
-64
-65
63
37
-148
-18
10
211
-60
57
-43
117
320
-44
-34
85
-9
391
-88
-18
108
155
15
-118
41
-76
9
11
-61
-21
58
9
14
-195
-249
1
135
26
-48
-64
240
139
169
-168
295
-124
180
90
38
-90
-7
-75
-176
-133
-241
89
-31
-79
-54
-35
-97
-272
-100
-14
-254
259
-100
57
44
35
97
-291
-48
-47
104
-13
136
174
64
-96
-32
-94
196
-200
-34
-173
-97
-9
57
187
39
30
-81
-100
-75
-189
97
-112
-23
-176
126
207
-131
-19
114
-52
222
73
89
-152
-19
-3
39
99
-233
293
-101
142
194
-140
-31
174
-195
-195
96
35
-49
-145
26
-36
-49
48
-77
20
204
74
190
-57
17
160
-4
133
-104
1
-60
86
-105
-283
-312
-243
157
-38
55
212
-24
35
-34
-14
159
-61
-191
120
-117
-219
233
157
-90
-29
-113
-160
-93
-83
150
-50
205
7
-258
-57
67
134
43
52
-53
15
-87
-73
51
-104
121
-31
-116
5
107
-118
-28
-8
-22
-119
98
186
87
-75
155
-95
-4
-169
62
-255
-35
-72
-13
-1
-21
-124
-64
-33
32
-31
52
62
-186
107
41
113
-113
-55
-119
181
-89
162
-35
251
-206
70
21
73
-181
-143
-127
-1
111
19
-48
-113
-118
99
71
175
-306
-48
-153
105
-13
211
-35
-2
55
153
158
23
165
-161
23
-491
-48
-227
138
-171
204
-89
31
-2
-174
45
54
37
59
178
-26
-95
86
-165
-215
51
13
-43
-29
-20
-158
-19
-160
-34
155
196
146
-273
111
146
-127
17
93
303
-82
-130
0
202
61
-142
70
201
41
-54
32
-59
13
157
-132
70
1
226
-92
-48
-153
11
68
352
122
2
420
11
120
246
-9
161
-94
-274
47
-100
13
294
-70
-203
-54
-21
-15
150
62
192
211
-143
59
-16
308
-198
19
60
93
25
48
344
-133
81
-20
292
50
39
-156
105
-281
93
-183
-56
176
-28
11
-34
-89
114
-4
107
-333
-104
124
112
15
-130
25
129
86
48
-243
-50
-83
276
-116
-37
-162
99
101
-114
-106
-67
-42
-28
159
139
249
32
75
138
70
-60
260
139
24
-102
-309
83
29
-69
-123
25
89
-60
-184
-139
11
-53
22
-51
-285
-63
-81
-159
-67
-117
93
60
-117
-131
77
77
-103
96
208
-312
84
90
-42
47
-70
-188
-76
-68
-91
-371
-272
128
116
-186
119
120
128
-36
50
-89
-172
-63
-74
195
-1
-189
74
-6
-146
-14
145
-327
48
-192
134
57
156
21
-16
95
-85
281
-30
-71
133
150
11
-89
-198
-47
58
-185
-25
257
-99
-113
-37
-332
69
315
79
231
143
-121
-200
116
-163
189
161
-165
114
10
45
-30
147
-27
-111
75
-146
39
-82
289
33
17
-9
-4
-130
165
129
-1
49
25
-4
-132
-53
-1
-105
99
37
113
117
7
177
62
-109
141
-18
-34
-39
136
-47
132
28
-43
-25
92
85
292
-12
40
145
-28
-162
175
-103
3
-236
-21
-64
-97
-127
-128
141
168
49
171
78
-34
14
-83
-86
-106
182
6
86
25
-96
-10
-50
-282
-38
-206
169
-122
-218
-221
-130
181
-66
68
-23
-61
-47
21
-137
-262
-58
12
-34
-197
-74
50
-30
150
48
59
40
-24
-263
84
200
-107
-215
170
-191
-297
122
-250
-453
41
-194
-12
-105
-119
67
-140
-131
7
36
-63
108
-210
90
-74
246
-11
-108
174
57
214
129
20
180
-59
-91
109
-134
97
-63
12
215
73
139
35
269
164
152
-83
314
19
77
-318
122
-25
29
149
59
37
-9
90
29
-21
-101
-73
-93
12
109
-118
226
-58
-203
33
-27
-96
-55
-26
-38
-46
65
-320
-230
52
-36
-15
93
157
-221
-124
314
-48
47
10
-146
-129
15
-51
43
236
-38
-154
172
2
-10
2
90
-45
205
-1
-124
-38
-122
-136
163
-34
-110
-304
81
97
65
-48
29
53
5
-173
14
-347
205
-28
12
-77
-110
58
243
156
-27
2
136
-34
-15
63
-80
161
-7
-18
90
5
43
-7
39
108
-1
231
122
16
6
-65
182
152
108
150
128
102
-118
-145
-161
-179
-70
31
54
117
-174
-285
-52
-277
168
-152
41
-80
-138
-26
29
-57
-51
99
-63
-109
-76
264
15
77
-109
-45
98
59
38
40
-48
32
-140
384
71
-106
-123
198
136
240
-86
28
-94
-246
-101
-47
254
-105
84
46
79
143
67
-112
-65
-161
-137
108
-22
-88
-157
-63
40
-147
-1
42
-66
-114
-52
-166
-7
-118
-42
-40
-83
336
-91
286
90
-142
-9
-30
-3
-164
57
230
177
277
180
-45
-163
142
-134
-107
112
-30
-178
-40
157
181
-146
-56
-133
-48
86
-124
-103
-22
148
-150
-32
93
123
-20
-17
44
85
281
-32
33
130
-151
81
-53
269
127
100
-22
-108
-60
16
8
-70
-77
-44
66
-13
43
94
128
98
147
-72
53
-19
147
334
-91
204
-30
57
-64
116
152
-180
-140
-152
281
-8
25
8
-122
-31
-283
-73
169
-150
-249
74
-35
-83
40
35
165
6
31
-18
70
-244
-158
-316
168
-14
-32
-4
-39
89
-21
-14
21
-26
33
-3
345
111
194
-86
-347
-170
-16
35
39
9
-26
99
27
-60
-139
120
85
321
135
108
-32
-83
-94
-60
-21
-153
-103
156
-7
-184
101
-132
60
78
-47
-150
98
-245
88
106
-341
-26
147
215
-70
106
169
-66
17
51
-271
-301
226
55
165
-135
-262
73
14
-184
-4
272
54
29
167
-165
-134
53
-49
106
51
-8
3
29
147
-188
-315
-141
-170
-177
-145
-50
-56
-137
-234
-107
-153
92
-87
-123
-66
-142
201
81
17
80
-229
-13
84
-9
171
10
-21
-65
256
19
-57
-254
-81
-130
14
-5
49
23
202
-44
45
132
-102
-5
-38
-51
-80
139
70
115
-223
137
-65
108
1
143
-2
93
-105
-13
-86
118
-72
50
109
19
-404
39
-31
168
67
-19
18
78
148
-143
-206
-104
-149
-195
111
-143
-32
103
161
96
-95
-75
-72
-114
-112
112
167
-44
222
-224
-120
145
-15
-170
44
22
172
-145
109
-100
-211
10
60
117
77
135
-85
-46
137
-22
-146
-337
-5
21
77
-151
-150
-27
115
-75
-21
-128
171
18
-68
-142
-208
91
-56
-128
227
-12
-93
128
-59
-195
-46
114
139
34
-176
46
51
243
120
21
-36
-82
-2
-48
9
142
-74
80
85
99
204
272
-276
-67
-106
148
-310
-171
-1
-154
-154
-186
42
87
-13
195
145
-61
-219
139
262
-130
15
182
38
103
-143
242
186
231
184
-134
42
24
-46
-13
-44
-53
137
-230
-222
12
204
96
-20
54
17
302
140
-208
-47
57
187
6
-143
-23
-24
-189
113
-186
-33
24
-172
-274
-83
-240
-60
-89
199
-53
-121
43
-209
-92
216
-62
-88
-72
-187
-167
-77
147
-52
-58
123
-83
-31
-168
-118
-177
1
-273
101
-42
-160
62
-378
53
180
-32
172
139
256
-80
48
-35
52
-40
-70
-91
111
-99
-59
-123
14
-150
54
40
39
-65
174
-113
241
-66
-14
-16
128
-276
146
235
122
65
267
95
-36
84
-223
126
91
19
1
87
22
-14
-14
-81
-63
41
79
90
211
-50
140
-21
64
-25
-8
98
20
-98
151
10
150
57
-211
-60
101
91
-92
124
-242
102
161
76
119
-73
24
0
-345
-1
5
-15
-34
102
-51
-129
157
15
-61
-11
95
-89
-8
9
-51
-213
-21
228
133
16
-69
66
150
30
9
-120
-22
-136
41
158
132
316
233
-17
80
-74
319
-194
22
89
19
85
-186
245
-129
117
-195
-215
-37
-8
-117
-1
-134
-18
0
-221
2
-9
96
45
-47
3
-220
5
-68
87
189
55
-273
173
-217
194
28
-40
-145
-27
138
-80
-47
9
220
175
17
-155
-71
-158
185
51
-134
-204
-3
38
231
56
-223
-42
-189
-88
171
-99
-112
-179
143
190
108
16
-79
-54
10
-49
28
-204
-150
-108
76
89
-78
47
-87
-5
-217
31
226
-156
48
-170
87
-186
-28
148
-207
131
17
48
-201
47
186
-232
-237
104
29
-174
-183
-44
108
-70
117
61
-135
-200
-88
33
160
100
-143
-27
63
400
55
-57
46
54
23
-142
-204
-79
38
9
8
-356
36
73
-38
44
-109
-105
159
-139
76
93
118
-16
215
144
-120
149
146
89
-40
-7
-5
-57
55
81
-58
164
-10
42
-2
68
161
-309
105
-225
90
64
-21
-15
-35
-126
-163
-46
55
149
104
210
-35
-152
-46
-195
-50
114
54
-12
146
-246
135
-165
-4
59
72
-127
33
30
303
-99
-192
-90
33
-136
-133
-57
285
26
14
-29
-69
95
21
-87
-119
37
-121
308
26
155
87
-134
14
191
69
-121
36
96
-35
169
185
4
-177
-73
96
-4
-57
-59
118
-164
133
198
45
-107
115
185
-46
40
-163
-85
146
-60
-144
277
-14
46
162
-7
-11
45
-114
35
-240
-14
49
189
157
-55
90
-14
0
-235
50
3
-129
-98
68
19
-52
181
14
-31
70
-119
-297
26
-207
77
165
-14
-120
-75
186
59
31
110
210
-24
283
93
15
82
-74
39
-79
3
-89
224
-74
110
12
91
82
-23
-211
-87
-22
258
-172
-162
8
-18
143
270
14
7
88
148
-81
-106
95
-333
13
-89
67
-359
72
-286
-263
-160
157
193
145
-249
-17
-240
147
-34
-139
-111
-52
38
-125
90
-198
-18
-70
34
-16
66
209
-313
-16
45
-26
174
-117
42
-56
110
100
178
-87
-20
180
88
-153
-104
181
121
-30
16
51
-56
-191
109
86
277
-151
142
134
3
53
82
-162
-257
-168
63
55
48
-63
-29
-72
-16
-142
30
-169
138
67
85
-46
184
-7
113
110
33
-161
9
-176
-170
-18
66
124
-5
-56
-3
119
-128
185
-257
-49
-45
-104
125
17
-9
64
-100
-154
47
-107
-68
94
-151
123
315
79
-21
193
81
-248
-241
55
28
310
302
-175
-91
-233
-158
-135
128
-313
68
39
-71
-45
-209
-147
192
-96
65
132
1
138
16
-108
37
111
-212
137
101
-158
179
89
-132
48
27
89
-131
94
178
12
-53
188
-64
185
133
225
-127
204
49
-74
-200
138
-34
155
-155
-132
75
122
-185
-16
-34
-27
344
-43
5
-126
-57
-274
-14
-116
19
70
-94
-10
-92
-44
-20
179
-427
-120
250
-1
137
-42
-88
119
-228
-201
20
-175
-36
-15
-78
-223
-93
-94
65
183
43
-22
-218
150
89
-56
-171
113
-39
32
-10
104
-166
69
8
192
-114
156
-55
295
242
-3
295
313
22
137
139
65
6
256
-164
61
16
-75
-64
-240
54
187
25
51
14
120
-148
81
-61
2
146
271
-50
46
-103
-100
-166
-120
-285
27
55
-231
-75
-267
-113
-216
-169
132
-81
32
-106
-211
263
28
-30
167
-126
68
-7
-12
-26
162
-329
-118
60
-62
-220
-85
134
83
-173
-150
191
-17
134
142
-42
47
-82
-27
-36
180
-22
163
-111
275
-150
28
-112
105
-62
-184
23
-185
152
-132
136
399
99
10
-134
-175
170
-123
-112
-12
-69
-16
46
-70
181
-132
-265
-223
-81
-115
109
-94
-185
84
-239
-10
-55
32
190
-8
-139
3
-143
-65
19
38
-223
180
174
-5
110
110
120
22
-10
77
-226
-152
-150
78
-51
-159
-81
82
194
3
-48
81
206
164
43
-81
-164
127
207
-130
-231
23
23
231
53
110
-2
-72
-135
-54
229
37
119
-7
-63
61
10
4
163
-53
-94
107
-201
-283
-17
0
84
-24
-58
9
28
-58
-86
-11
-429
-4
213
85
-25
-21
237
1
-57
202
-54
43
-19
-92
66
294
131
-44
-54
-139
-127
-147
-126
12
-128
-140
202
-201
108
176
198
167
181
327
-165
242
83
14
161
9
150
57
-67
0
-105
115
78
89
-231
21
136
150
-65
-48
-80
209
92
-81
71
-164
134
247
-63
-36
-239
-81
11
-18
97
47
197
-84
-88
186
61
-152
56
-27
255
-173
120
-39
208
30
37
32
24
-330
-19
-42
-196
100
-190
-89
12
101
11
111
29
82
-25
240
32
99
373
-31
101
138
-74
-87
70
-107
-134
-254
-182
193
63
171
1
38
86
6
45
17
-86
-131
-55
67
-34
10
-270
172
-57
15
244
39
-248
79
-60
-108
83
53
18
-28
-288
59
-86
72
-123
-47
73
124
29
-41
-71
204
-35
64
51
-200
-199
-11
-343
-112
-130
-126
-50
-100
-35
-52
70
86
108
-53
-12
-74
213
66
33
-80
118
56
-92
2
-27
0
75
117
122
-110
-3
129
201
143
-70
78
-88
-62
-159
69
89
58
264
107
81
66
-165
190
-287
77
23
27
-93
-82
-230
-32
117
12
39
100
204
121
-15
-70
-116
129
108
-41
148
-89
-32
-48
-36
69
-119
-206
-159
108
26
164
27
11
217
25
68
109
-90
-13
-20
45
161
93
23
-91
96
347
-47
81
-172
227
174
47
22
135
-71
-279
135
80
-115
91
224
-187
21
155
-32
204
119
-313
338
-88
48
-83
-74
-114
58
227
-18
-6
-137
-237
79
-184
115
-11
-30
-48
227
61
285
22
-136
-8
70
139
125
-31
-52
46
-273
55
-81
-52
-42
94
23
-338
149
139
203
-85
-185
-120
-110
-60
265
126
58
36
231
107
36
-134
-79
-133
198
-52
41
6
17
119
47
-66
132
-146
244
59
134
-19
-25
128
210
122
118
356
-177
-59
-137
86
-25
19
-5
-87
-132
168
255
164
-100
-8
34
-30
147
59
9
-23
85
250
173
-63
214
223
-44
141
-71
-83
156
11
161
24
-113
-121
-12
4
-86
-154
23
91
-137
94
98
-120
-81
42
148
212
-167
50
-28
30
-63
40
32
183
-159
102
49
67
30
5
-1
3
-29
102
-193
-122
-115
38
207
-232
-276
-49
263
-100
260
-227
22
-97
-19
-78
-78
26
-38
311
111
127
-99
14
125
-1
62
-167
-31
148
21
61
69
108
-87
-92
-23
87
65
195
158
-98
-29
50
-172
13
-332
29
97
-2
-1
-16
66
-153
6
-226
-6
-117
129
30
118
186
42
-155
191
220
-41
41
36
7
-7
-30
-141
191
65
-61
175
-121
-151
-109
44
257
60
-27
47
-165
-31
-14
-216
64
89
258
-149
112
36
-75
132
65
-54
-6
66
-41
68
-175
351
-221
-86
-143
-48
66
-134
-105
144
63
12
-109
-79
-135
-398
283
-82
-6
-21
32
116
-93
-107
38
-75
19
-10
41
59
110
-12
-75
-35
-117
-35
-37
-354
-37
-57
51
-52
-89
249
-37
-77
166
222
-377
13
-181
-84
184
-58
32
70
244
83
105
152
97
-115
-95
186
143
42
82
-204
-20
79
-303
-43
7
-250
-219
-91
284
198
-248
200
223
-29
-31
24
39
48
-86
85
-38
20
-1
87
-37
81
-247
-113
4
-131
-3
41
-58
281
296
71
-262
263
142
-35
411
-102
96
239
152
129
-64
-105
65
28
59
57
-8
-45
-21
186
-67
-358
-24
-28
130
77
136
30
-119
155
34
70
208
65
-190
93
-93
86
-45
205
-249
-17
-154
152
212
-39
48
-67
-6
113
-123
-109
-67
-4
8
-65
-1
-73
63
-95
-118
-70
115
6
84
24
16
-159
-168
78
-83
100
-142
-6
-72
-49
191
-94
11
55
-16
-116
2
-131
318
-81
-8
84
-33
-70
258
-74
-96
155
-31
94
-238
14
108
-52
-118
-289
21
-280
201
70
87
-39
-6
-78
89
-23
-83
54
-246
-106
85
-18
-128
-122
91
-6
-16
25
98
-73
239
-81
175
129
-35
34
-202
-97
18
55
18
106
-136
108
87
53
38
-3
-234
87
2
-286
-93
106
56
-103
-59
282
56
-65
-34
147
-98
139
248
-39
-149
-71
43
54
96
172
-230
88
-108
123
-79
99
-1
23
239
-210
-160
-9
339
83
-6
-3
237
-53
28
40
-16
-145
180
190
-168
37
227
3
-61
42
-53
-259
155
-74
134
-65
-87
112
40
-160
-133
8
-132
-31
200
27
-73
115
34
-139
-64
30
-231
-125
-108
221
119
95
106
260
-22
231
60
159
-73
-18
51
223
9
-18
1
-97
27
-94
230
-19
-82
21
104
274
-91
63
-127
183
-220
-21
-109
197
123
78
-47
24
-40
-70
-53
118
-33
-81
-7
-242
138
-198
-194
108
-75
25
-14
205
-34
119
36
49
9
-171
35
110
-24
122
-24
287
3
106
68
-37
-85
-159
-273
150
-119
-171
-95
-199
51
42
19
-83
187
28
8
157
78
-20
-166
263
80
-175
-74
239
25
91
12
111
-60
-150
-82
102
72
-21
-82
-36
79
49
-142
-48
-18
-73
62
-62
-116
67
-24
113
-109
-416
-42
295
38
20
294
253
-182
100
258
-86
-214
75
-421
60
387
-4
-7
88
5
-72
54
-263
70
-59
-249
43
-93
-298
-208
-172
189
76
-248
176
-148
-97
-48
37
-77
-6
-34
40
-115
19
126
78
-91
-125
5
-35
-303
64
55
41
61
108
164
73
206
-133
3
49
210
213
-276
-227
123
0
-48
-126
-161
15
25
-127
39
-184
-12
39
-6
280
-14
-42
65
-62
123
106
49
124
14
5
19
-82
-53
-29
-57
-88
-61
-35
-152
15
23
43
-86
-35
62
181
57
135
62
139
-112
21
145
114
264
-69
194
-3
107
182
-188
-67
197
-54
-129
-5
-60
-86
238
37
50
-13
-137
-95
141
-18
65
159
-38
183
-39
113
108
277
-221
103
150
9
-9
-17
64
-83
7
-27
-41
340
184
-74
64
62
-83
229
-11
-106
114
-22
99
117
175
-66
49
117
53
169
0
-29
-88
19
124
-104
105
-66
171
-220
-20
-22
-186
0
115
31
-108
20
-141
-273
217
-145
-100
-62
-44
-238
18
139
217
-129
-129
82
41
-12
89
53
24
-132
65
127
25
-351
-71
15
229
154
136
81
231
27
217
64
-35
-60
-216
32
83
-75
24
127
-178
-236
70
-129
-6
-84
6
180
-46
203
115
132
133
-155
206
149
112
-81
76
110
89
18
130
114
91
120
-26
88
242
-276
-141
-20
-9
-5
27
50
-79
-236
-117
34
15
-47
-182
103
-170
-60
-37
100
32
160
119
22
-156
-141
-8
-223
215
-16
-109
-178
33
108
-133
-3
-334
85
-147
-151
-12
-9
15
-131
180
-8
-141
-89
9
-49
-49
-124
78
145
-127
2
-179
-95
126
-82
72
127
49
59
-151
-46
-1
-77
59
92
-120
32
-19
112
-26
-93
-4
-265
167
0
343
-24
46
-34
-118
-93
193
-269
13
-11
8
-168
-58
-127
36
57
-55
-15
-118
-79
72
-31
140
-59
-41
40
275
169
330
-167
-46
-156
-139
35
122
-263
-34
168
20
133
59
-1
2
-162
-194
-285
3
157
-135
4
-9
57
-87
-80
150
178
92
-237
28
282
6
-134
-47
-12
-305
-49
66
-196
-60
68
17
77
-107
1
49
25
49
-95
-93
-160
100
69
-64
218
-103
-262
-145
6
-30
77
43
130
226
-5
-203
70
-56
2
26
-117
-79
-5
-21
48
-207
-65
-13
-53
-226
13
70
29
-162
325
95
99
-112
-148
-40
-106
51
-25
-21
-22
-91
73
150
-266
134
5
43
30
-125
153
-128
119
-28
-177
-83
-149
-52
183
-30
49
261
-133
-105
112
92
22
20
-45
-54
27
156
-166
-148
156
-122
-169
0
-64
-97
41
-86
79
110
107
223
-126
143
-157
43
-82
-45
233
-79
16
143
-189
-61
112
25
-68
-229
-190
-236
-20
63
-88
-25
140
-48
167
-101
237
202
-45
32
-183
-124
135
118
32
192
-129
-132
-192
78
227
152
178
-68
78
109
-47
52
161
-268
-156
362
-139
182
116
-292
77
-48
-227
-180
-74
88
-76
123
154
13
70
49
-6
-17
-121
43
158
-179
108
-75
-17
111
-26
-26
202
-133
-2
145
171
85
146
-215
-261
35
-175
87
80
52
22
-189
-29
148
-157
104
44
-198
-214
10
206
27
-81
252
50
-107
-85
176
-74
30
314
31
305
-117
17
-52
178
199
-138
34
93
-114
-186
-246
64
122
-10
-54
-114
23
25
-4
-103
169
-128
86
-175
-5
-173
128
9
-100
-108
22
96
-49
112
-228
-13
-34
162
265
-109
17
-143
-81
-63
126
55
130
147
-37
164
56
5
-63
-80
135
25
-179
-69
5
63
-29
177
92
26
-104
-43
112
-184
130
-65
-219
104
208
-59
145
131
57
-41
-99
133
83
178
-28
194
227
-86
150
26
-47
191
-27
-316
-16
76
-24
-192
212
-177
116
-76
-79
85
65
161
61
-112
-150
120
-93
219
-214
39
64
161
109
109
-41
-227
188
175
203
125
-65
58
213
23
-88
-195
-84
78
-115
122
-135
-14
-19
-36
-145
161
43
-189
251
162
-92
-117
-16
44
-39
27
95
164
-110
-28
-223
152
-77
-106
134
57
-27
-55
-109
-207
52
2
-46
12
-86
-86
88
-25
29
58
-77
-228
-51
130
-216
-216
68
-144
131
-177
-87
77
-27
284
-360
-21
-91
-106
-74
-181
104
82
-58
114
149
188
23
243
227
-62
108
42
125
-24
-93
54
-64
206
115
-13
129
-121
-12
-75
16
-160
63
-22
-39
-134
65
-31
3
86
101
204
-140
-357
79
-32
-17
-17
173
122
44
-91
-59
188
105
-41
28
-19
39
-79
-74
-264
-25
21
6
-117
-67
-32
-87
67
67
114
199
-161
-61
-112
-195
-55
227
100
23
-200
-38
-130
176
112
-156
45
181
-66
468
117
-195
-262
-32
122
-74
-129
-124
-32
16
-34
75
-121
-87
94
-175
-121
214
-29
157
164
-247
28
269
-101
75
169
94
-212
-151
69
-325
35
-209
-152
4
-131
29
0
-122
-6
184
106
1
-4
160
111
68
10
-133
-225
31
-234
-164
-121
-99
-80
71
10
-21
55
78
-8
2
-49
-19
-178
52
34
-58
115
-50
-32
205
-73
-44
-133
76
-59
123
-157
-212
130
-108
-138
-332
153
20
139
130
61
-231
-6
143
7
-206
84
23
-87
228
118
51
185
0
206
150
-17
-34
-62
35
-87
-259
-225
-105
-37
94
-173
120
-95
-61
66
-2
42
-39
105
-53
-160
-80
24
249
218
20
85
57
-179
-66
68
-126
108
-71
146
-110
125
-167
53
-192
-201
1
159
121
-87
166
224
10
-62
75
50
-249
-43
-56
-40
245
56
-228
163
152
-25
33
-107
-249
-123
-125
-7
-123
21
-74
375
-298
40
151
45
193
-8
-178
-199
137
61
-74
-35
25
68
-48
127
-197
85
-38
145
204
-287
-96
193
100
7
267
101
63
29
-231
-47
73
-49
-106
-212
19
261
-25
-94
152
112
256
160
-171
73
114
50
107
-79
-58
-30
-19
82
28
21
4
-167
-96
-37
-130
-13
-158
-176
-8
25
20
-41
-210
154
-322
19
-203
66
78
192
84
89
-223
-55
-83
-130
-81
-129
-129
48
-43
-126
-186
138
-26
-41
-97
225
32
16
127
-16
57
-168
-130
256
86
-8
-33
112
-38
7
-228
-63
-124
-54
28
-230
66
-114
-98
-215
-118
-372
-31
85
104
5
-7
-263
-57
-175
-61
276
157
-39
58
25
100
-96
-73
-248
-89
-132
-259
-78
81
140
-257
3
-37
-170
-10
139
-153
34
82
-279
-14
-23
25
60
129
22
-200
-69
-224
-68
185
-38
-58
-20
114
-173
-103
-18
-231
28
-100
-183
-27
-167
163
244
94
89
261
112
21
-14
-42
35
-100
-26
-49
-167
64
100
14
-29
75
-145
-11
26
44
-274
-46
25
-150
113
20
56
-96
-82
-71
281
54
90
52
-46
-177
-85
-150
-229
-82
-233
192
-132
206
-92
88
-287
-55
-129
-96
49
125
125
-49
-58
80
82
14
-5
87
138
-135
76
-257
-105
-169
225
-86
-181
-173
171
171
-80
-87
-124
-38
-80
80
-12
47
8
69
-80
172
-33
-205
98
61
-248
-278
-155
129
126
230
-151
-34
194
230
-175
93
-108
54
-162
25
97
264
110
-14
-23
38
167
-91
28
-162
-46
103
-251
-202
-273
115
100
-72
-192
-74
21
79
-6
-38
101
-39
-138
120
141
41
-35
54
77
-41
-42
-174
95
-61
-94
70
294
-167
-132
57
-10
-44
146
-212
25
47
186
165
-14
26
54
-237
33
269
-168
-231
86
21
-59
171
-34
89
-85
-117
173
-94
-8
194
-147
-102
-166
148
109
-110
-85
-277
45
-41
-118
-97
251
-233
5
58
-355
28
142
-11
152
-21
-1
276
-81
62
101
-165
-101
-230
3
-10
212
136
-28
-71
-68
98
55
-40
256
65
97
-47
66
105
-174
80
-174
85
50
-79
-31
63
-88
-127
-25
85
256
12
-126
3
185
12
64
88
89
208
222
-69
-219
212
-121
-62
-32
-112
66
-116
68
185
97
45
-11
-226
66
-66
-161
-139
-225
-114
-122
-225
37
-54
-139
-134
67
-75
91
47
8
-222
-156
56
124
-72
96
58
-217
-41
10
-17
120
-159
-5
32
277
29
-81
-1
-180
44
-115
111
-55
84
-87
164
19
35
254
-52
44
-4
-41
139
-113
-64
-89
2
32
66
-40
239
-276
202
92
-14
33
-43
291
-44
52
-159
-62
127
-27
32
116
-230
255
-104
-62
284
24
76
-6
-36
180
-78
107
86
-45
-138
-87
-31
319
27
-148
-3
-201
114
-18
50
242
4
-3
-112
-145
-38
-97
-88
-133
68
-219
-221
-181
264
3
-125
-191
-226
-48
52
-36
36
26
286
-109
-117
223
-82
249
-248
-63
39
-198
-70
30
115
152
-13
25
-80
12
-290
127
202
32
-190
21
246
139
-141
-30
40
120
107
-56
53
132
50
100
186
112
54
-79
-31
-79
-130
-345
99
-8
127
-119
-147
223
-136
70
6
-173
223
245
171
56
-100
113
143
-75
-41
32
58
151
-195
191
320
233
56
-94
-154
120
158
47
102
67
82
-55
54
1
87
208
155
-43
-28
2
-32
-307
-154
-171
-98
-72
-194
-3
-87
235
-4
202
-127
132
-77
-10
-72
195
91
231
30
123
-292
81
-230
38
-109
-74
-229
-55
155
198
-333
26
-383
12
-19
33
-84
-174
-34
110
-18
-16
31
-73
68
-15
270
1
-7
-62
-43
120
58
-246
117
-69
-72
-134
-23
-4
38
80
-91
77
-158
104
-108
-94
-43
-54
72
214
-158
168
103
-21
294
-45
96
-9
42
112
56
69
55
30
-32
245
-59
-96
45
-58
317
115
-52
-309
-81
-141
79
25
54
-93
119
42
-103
88
20
-2
-249
10
91
-131
333
-39
-54
-275
65
-80
-76
-188
-10
-43
-169
-11
-6
-19
163
71
22
102
-5
-40
-173
162
-174
97
53
29
31
-33
-127
6
120
21
-62
68
29
50
-66
-82
103
139
-19
204
-65
-124
39
9
51
-160
-143
-205
-25
30
-155
-136
67
65
-48
7
-128
-89
285
-42
84
-135
111
-98
-123
59
-145
-18
-57
175
157
-49
-5
336
-155
53
-33
8
-34
85
14
-19
57
105
98
-116
-243
354
174
-37
95
-148
-45
-116
93
49
78
-57
-125
-76
137
-213
-72
-58
31
-158
-4
-75
26
-232
-9
173
-91
-114
57
161
179
104
-123
-137
-29
54
-43
76
-291
247
-4
-94
11
78
-135
29
-200
-231
161
-73
-82
-2
-206
127
-47
42
-158
-125
184
3
152
-122
95
43
9
374
21
11
109
-2
-96
168
-6
-44
13
30
6
73
-279
51
-49
101
139
26
179
126
-12
49
57
15
75
-182
-80
-32
-164
-151
-211
68
-82
82
83
-220
84
-47
99
46
-34
128
-140
123
103
259
-23
238
81
26
-107
-135
45
-14
152
98
22
188
-123
-236
193
-56
7
-35
204
-70
-176
144
194
-43
63
100
-151
-185
175
371
278
97
-16
100
100
-152
-110
203
59
-28
84
74
-25
-342
66
-85
-58
52
-291
-162
20
54
30
-108
-142
123
7
269
-11
89
-165
148
183
-12
-59
61
13
268
-41
54
-203
-88
89
92
72
-126
-7
191
-80
121
-224
-49
36
-14
-36
22
-136
-24
-7
-18
-217
-174
96
-88
-80
-409
192
-1
-20
-27
-116
-199
338
-98
52
-24
39
-132
82
-144
87
-236
-87
10
231
-159
-21
-28
22
122
298
73
-161
31
67
86
86
-75
-188
36
-5
90
-125
-7
95
76
207
-102
41
80
87
239
129
-85
77
-48
-56
276
-71
183
-40
23
37
-34
-210
99
-72
51
171
92
-20
279
-94
-128
90
-288
233
-19
-86
-122
-96
-89
37
104
-219
-214
-49
30
-65
66
94
-199
-162
-55
-2
80
12
-27
-75
-85
-199
-163
50
23
196
-63
130
-52
-193
-187
32
165
-15
-12
-2
-192
12
-91
-34
110
11
215
11
301
-131
51
-110
-87
284
-20
-47
215
48
-32
139
109
-129
50
-32
237
-82
147
22
-223
146
-48
156
158
-162
59
-100
-77
101
-119
287
-178
69
-195
124
99
252
-1
248
-108
-34
185
17
-152
179
267
162
-37
-169
44
-92
-78
-113
-191
-120
-63
-107
-42
28
-209
64
68
-30
-34
144
4
-204
60
114
161
-107
-192
-45
69
25
-176
56
12
-1
50
73
-93
128
-88
-183
115
-4
-25
-158
149
-117
-31
254
146
-59
-143
256
104
68
68
-111
-39
132
199
279
-31
88
107
205
81
-102
-10
87
97
67
20
216
-77
-218
90
119
-1
-71
8
169
140
104
15
187
79
50
-109
151
19
-15
-217
262
182
242
-100
69
-39
123
83
30
3
25
172
125
-87
25
-83
-195
-17
-61
-208
-65
-56
124
-87
138
-10
-208
15
161
114
166
191
-150
0
-110
6
-70
169
17
-87
-238
158
166
48
-4
-66
32
285
93
267
-18
-92
66
31
102
176
288
-27
-206
-88
234
-92
33
162
72
-23
195
-15
253
16
45
6
321
120
182
-335
173
-198
44
-30
-173
-73
-150
73
23
-327
31
-16
30
201
-91
193
-35
-218
-140
14
-75
270
-246
-199
60
241
-227
121
-105
-119
71
-94
77
-31
-28
-168
-32
30
15
275
71
189
8
-124
-162
-108
-28
-32
102
60
216
-50
17
73
222
-89
96
-118
36
-72
67
-119
85
87
-168
-13
-151
108
-168
-107
-34
90
-109
159
-63
58
37
128
-250
-59
-60
141
-19
101
224
2
-26
-251
68
204
-133
-83
-71
203
-149
179
-186
-152
-147
-292
-37
55
120
42
-43
64
-92
-163
133
-49
0
-206
-290
-59
-98
-169
-137
188
52
51
52
-184
188
-14
7
106
31
-165
-139
13
-119
-72
67
103
136
-12
86
-71
97
-69
-32
65
7
-178
-187
120
-101
112
-33
261
98
61
128
92
-35
46
45
-200
3
251
-32
-127
121
-248
-170
105
-348
-126
-115
-123
76
48
122
29
-39
243
-172
106
45
108
114
-59
265
-79
72
118
-18
94
-68
11
-253
-215
-39
99
88
-52
61
-70
-91
88
-179
158
-133
-59
83
-23
61
80
-113
-94
-6
310
-50
76
146
-47
-52
-154
53
-60
32
101
35
-65
79
-219
152
-33
154
-191
145
-128
-121
70
-16
-18
96
-39
-13
-146
-215
41
14
143
-52
-216
-9
-4
-101
203
198
32
339
-135
157
-292
-52
-31
-157
39
377
61
279
-47
135
-166
-30
214
-27
72
-129
70
-22
98
-12
42
91
-110
154
71
165
24
-103
59
-78
-35
17
-176
67
197
207
22
81
12
-105
205
28
-44
48
442
84
-87
150
27
-8
-105
-68
-84
102
42
248
161
286
235
291
26
-152
29
476
-106
7
237
-86
180
50
-79
-193
-160
18
-113
205
-136
138
-88
52
-102
1
-115
-46
41
-175
109
-40
121
225
-9
95
86
-191
72
-27
-28
41
-244
300
-72
-104
-74
-177
-158
111
-171
-12
101
-120
179
-27
135
119
-133
-304
-36
-101
-56
85
3
-300
-76
41
162
-55
35
-40
-54
47
73
100
95
29
-171
22
-39
121
-189
61
-73
66
-91
-22
-167
-28
-25
-234
144
-13
89
50
-100
50
-36
238
-72
31
-140
131
-55
-19
-88
-120
86
-38
109
62
3
-60
106
-82
-51
-105
279
61
200
-22
-45
-252
167
-111
-60
110
197
68
-160
251
72
-58
-79
-59
-115
-129
54
-122
-15
46
-114
-123
45
-170
-250
236
-112
-287
-24
-36
-118
-57
31
80
-206
37
28
166
30
155
-26
128
-91
-58
91
51
90
-40
-90
-253
41
36
-135
126
-184
78
205
105
150
116
139
81
-172
-49
-187
163
-101
-121
33
78
-142
144
-92
77
-259
128
-149
59
-122
-102
-179
159
224
105
83
171
-98
134
106
-35
-141
19
48
91
-70
217
-11
-138
129
133
-96
50
38
171
-37
150
-24
181
268
89
151
-200
-25
88
-59
-70
84
-20
23
10
217
-16
33
144
-52
-40
-310
100
-83
-57
-37
98
150
-36
-74
182
122
-169
61
-5
-237
-76
0
-100
12
181
23
-104
-65
-148
-4
-138
-29
3
21
-34
-121
104
257
32
-135
-5
-93
-81
-6
-53
60
58
-25
-176
158
-30
24
295
-15
-157
-110
22
189
-38
-71
181
-54
105
-102
112
119
149
49
209
184
45
48
-121
253
45
-93
35
177
32
-119
181
151
-138
-77
123
-50
-96
31
-48
124
15
112
97
-25
-44
100
-61
-188
15
118
-43
324
-296
227
8
-231
4
140
-136
203
112
15
-194
194
20
-110
-357
-31
141
53
-39
108
54
15
-55
30
163
-39
-74
-25
19
-77
30
196
-65
97
31
79
-98
-115
-224
-1
226
-112
112
1
208
-47
486
252
-145
-139
72
53
-77
-119
78
137
80
105
-238
-336
58
-66
60
-45
32
-99
48
-66
-60
-123
105
55
-43
-39
-89
140
327
-58
101
23
-89
-128
-61
-123
-168
13
152
196
10
96
-13
-49
-73
-94
69
130
76
215
-44
63
162
-32
87
301
-55
-7
124
73
153
-96
130
209
-20
451
52
90
90
212
21
-27
132
3
129
151
36
210
39
30
-34
-92
-167
118
46
106
-258
2
29
-18
216
-18
-107
24
216
-197
-154
-67
-10
53
131
6
182
-132
186
-188
208
-40
117
-61
-97
26
260
147
-216
-24
189
32
85
-161
-49
83
-68
86
1
-226
-14
-71
55
-129
-143
231
-135
-74
-164
-67
97
252
-124
-102
-186
190
-101
-78
-74
165
177
-142
309
-194
18
-96
-30
22
-42
-56
72
-363
33
-78
-186
-51
103
141
126
148
-143
-52
-173
-392
-75
172
-59
74
19
12
-212
-196
67
-57
-72
130
199
-181
79
-103
-109
-82
37
8
151
-77
20
-28
112
-84
144
70
-176
29
-39
-10
-131
-148
-96
-244
-212
-235
-289
178
-3
-6
-206
-135
116
241
-171
-48
-13
-153
105
-85
106
-163
173
54
269
-217
-213
87
9
211
169
55
282
-26
-47
-171
253
103
-42
202
15
-142
27
-55
-225
119
-15
205
-87
250
119
-119
42
-81
-101
-75
-76
-6
215
-209
-78
-72
218
-44
-137
122
204
222
107
-170
91
-165
37
-73
-175
72
-158
108
-109
92
-177
40
-132
-102
96
195
-50
-57
79
154
-75
112
-42
-123
23
144
-2
-46
-82
161
116
-60
75
-38
83
-57
-8
13
-134
51
95
35
22
5
132
-150
216
-47
48
-61
204
-50
-246
183
166
102
-101
-117
235
-99
-157
82
-339
-18
32
28
90
83
132
-97
-212
43
-38
84
80
112
-16
118
87
264
-149
-198
153
-202
-114
28
-138
-25
35
-85
-298
219
368
-183
57
-4
28
415
-66
17
-60
175
-34
106
136
-157
-111
-240
0
-91
-136
-221
51
243
-6
35
137
151
52
16
-173
-18
-54
-62
188
-196
-203
-160
-152
110
85
-230
3
-69
212
20
318
103
-93
42
-65
62
-328
-136
86
25
50
185
17
51
60
15
148
162
38
61
16
-139
89
-117
-126
-94
181
237
75
21
44
-124
58
234
53
-73
-163
-112
-8
241
-74
-52
54
