-159
209
-355
214
-267
125
-119
-22
251
-167
-70
66
63
173
206
-96
677
-405
-250
412
16
59
33
-568
283
261
-238
-183
49
-159
-250
-270
-119
185
-161
-384
312
245
-59
205
285
-71
-69
52
-47
258
-437
176
-134
355
237
110
149
-153
78
-272
685
-40
370
150
-67
136
346
-146
-55
-324
-424
-263
-30
2
-324
87
-646
282
-212
-65
-320
-303
-145
-526
-129
-569
-101
423
7
-58
-183
-352
-225
-27
339
-445
284
-156
-174
-31
572
17
-150
107
618
-240
8
176
-263
-97
-196
-35
-444
141
-58
106
211
-301
-378
191
-130
70
49
-332
-3
-472
514
106
383
62
169
324
-53
63
101
432
-22
-290
-333
366
-28
220
0
-87
-374
164
173
-331
-29
-337
40
-148
189
81
-77
235
114
-429
448
386
273
-320
-411
13
567
207
465
299
-78
272
156
-37
-69
-489
-323
-77
360
77
-682
-64
120
-127
-236
171
-96
-106
553
423
-15
53
-10
38
281
188
263
83
-327
610
2
-90
-75
-514
-388
121
143
-62
211
-144
-593
-277
-157
127
278
102
-507
107
-186
-275
-61
204
48
-123
-91
-385
-357
56
339
360
229
-74
444
386
-51
297
-163
430
-247
294
-85
188
-495
-66
-6
-25
239
-43
103
-20
512
-277
46
-219
-346
396
-131
30
-247
-186
-123
-322
-112
-100
98
-219
-302
-754
-606
-115
110
-292
-35
3
-146
-142
-772
-167
-68
402
28
-200
-249
393
-125
87
171
151
-74
-118
91
261
-20
-12
81
-685
-13
-267
195
-248
239
201
-394
-280
-358
99
-240
10
-85
-192
30
-709
-420
-253
409
-203
-125
-78
35
167
-254
379
-224
8
135
-111
281
308
113
99
-33
-319
25
373
-84
247
183
610
297
536
-119
-51
-161
179
327
469
44
196
-53
-30
126
-316
-67
81
79
129
-251
257
-94
451
-183
574
-15
249
-313
712
-33
-209
-73
-263
-204
-302
-261
256
-74
149
24
246
-235
6
-180
-51
-97
-248
54
-408
362
257
174
380
-228
-297
-46
240
222
87
-239
-136
245
-167
78
-95
-35
-259
-330
-167
173
-200
-64
-398
-130
-46
12
9
329
167
-587
-322
238
-170
173
-154
-209
-404
248
43
-106
-49
-90
-70
-47
324
-369
579
-55
-495
-347
-391
120
-266
-194
-236
-98
-38
-328
49
96
347
96
61
-155
57
-211
-552
230
23
-161
-243
172
565
-74
119
519
71
-58
128
80
224
-352
-257
346
300
-120
21
58
172
616
190
281
-301
275
227
292
24
446
176
161
-40
-49
-15
69
-243
-327
-93
-42
-4
259
283
122
-21
307
61
-187
337
302
-102
