-5.32889
-5.17426
-14.2635
-10.7005
8.30643
-4.44972
7.94241
-2.38115
-14.1834
11.7517
-13.5043
7.14465
-6.69603
7.93394
2.47178
10.8398
1.84507
-10.5202
-9.08574
-12.5684
-4.65125
-12.9299
-10.2564
-10.6281
-3.36566
20.517
-15.2873
8.78346
-5.38837
24.1865
-12.0662
16.721
-2.74083
1.54707
0.483502
-0.4218
-2.29272
-7.94181
6.98013
-4.8379
-6.96597
15.6157
-1.90186
6.79208
-3.84847
10.4018
7.18221
6.56902
-2.43455
-17.8235
3.33721
-11.7707
-14.1932
-22.5218
-5.61785
-14.641
-4.11295
9.25923
-7.10598
-2.14723
-2.58075
19.4574
-2.85207
9.79696
-10.2023
-11.612
-11.1689
-8.90408
-0.134669
-6.28739
2.61363
-0.840356
-32.6195
-29.6275
-11.4157
-13.4439
-25.0951
-25.2407
-0.258461
-6.3998
18.3618
4.32694
15.2858
10.3997
6.48854
4.70802
3.88257
10.2751
-7.81519
-6.98109
0.674593
1.96293
-11.6103
3.08377
-2.73241
11.4401
-13.089
-7.35008
-13.3824
-12.5706
-0.170333
3.79929
0.729048
-1.20411
-21.2492
-18.5954
-7.14633
-18.1141
-2.05659
0.433483
13.1572
1.04994
9.869
-4.17429
12.0098
-1.48623
8.77158
9.95641
8.86034
9.61671
-3.14816
-9.80922
2.78441
-12.0239
12.6499
22.8225
16.4485
17.4981
-0.196009
-0.839912
-3.55921
5.16388
1.94744
-5.33997
-5.61581
-4.51195
-3.77873
15.176
3.74174
23.3689
-6.72232
7.19448
-3.48383
10.1297
9.00858
-5.63264
7.77396
7.97405
-1.53906
-5.82637
-10.2186
-0.640321
1.15795
16.5827
0.202444
21.774
-3.85521
23.5291
-12.3376
20.2177
14.6726
12.1678
22.5561
20.8167
2.65471
-3.51983
3.81611
-2.56867
12.86
22.4671
23.8532
25.5312
4.5724
12.1153
8.76154
7.39968
15.8247
-7.83445
30.3804
12.9611
-0.959439
-11.2909
3.62932
-1.43805
8.6471
7.56722
15.7079
12.1733
6.21476
20.0682
3.2267
13.6496
-14.3613
-11.189
-18.1432
-5.33764
-17.901
-13.2045
-30.7386
-17.3846
-21.9246
-20.5325
-2.26618
0.0644783
-26.9467
-22.4249
-16.426
-11.9413
22.6365
11.7062
20.87
25.0472
4.59642
12.1878
-9.47059
12.2525
3.40163
1.1584
14.4709
18.6406
-5.49936
12.3846
-6.81263
16.5085
-8.96724
-4.64047
-12.9881
-7.62974
-10.63
-1.80526
-26.2287
-17.348
-5.13283
-10.0731
6.51252
-6.09068
0.53925
1.70253
0.524876
-6.95048
21.2396
4.30675
23.7778
13.3509
13.0014
17.5639
0.716852
10.8096
12.3054
-3.4272
19.9052
1.98405
22.0234
29.3918
14.7187
18.9228
-7.29758
-15.426
-14.5135
-18.9647
1.78408
-20.2778
-4.76626
-24.1267
-7.57243
5.90718
-6.46983
1.99239
-4.1666
-3.0149
-2.48035
-7.32177
17.241
-8.84291
-1.55151
-18.4839
14.1183
-8.90173
-7.25351
-22.0978
14.9756
20.967
-6.10297
0.345428
16.7985
27.4595
-6.94123
3.20094
-0.278262
6.94508
12.1928
14.4918
1.82271
-1.91368
12.4373
2.8008
1.37702
22.7216
14.3926
22.1183
6.61945
18.6099
17.6966
15.0925
2.46002
-15.4291
7.89812
-9.44109
0.281425
-11.5701
0.618198
-11.6591
1.02762
7.72708
-3.5943
-5.03942
12.612
26.9547
2.80681
8.02924
-6.99758
-6.99807
-7.32429
-3.38146
-5.44104
-11.2073
-9.95783
-12.7565
-16.4558
-16.2272
4.09262
-0.430031
-16.9705
-20.9021
-0.694128
-10.3527
23.3101
5.2488
11.2937
2.64997
10.853
4.02328
-8.5984
-6.98622
4.45768
-2.90721
2.71176
-3.93004
0.550811
6.02313
-8.712
-3.49232
-14.037
4.32953
-6.16255
7.5458
-3.42293
12.1516
-2.2606
7.67998
-11.9376
-0.828692
9.038
6.79414
5.42254
15.345
19.604
15.198
-4.26806
-11.1194
-3.53969
-9.57487
0.257185
7.61127
-8.97145
-1.77698
-12.66
-16.3016
-9.43505
-20.9551
9.23282
21.4022
2.41879
5.73402
-3.63701
-3.35699
-5.94112
3.97475
6.7776
-0.608612
-7.63153
-6.35762
-11.8817
3.82436
-4.59742
12.05
-6.0821
3.56337
-10.9847
-1.37369
14.8469
-4.30603
5.09102
1.04825
20.4977
10.6759
-4.6081
-0.295414
-3.30016
3.44036
-14.0722
-0.916012
8.35716
26.0345
-17.8467
5.27053
-1.33757
8.30002
15.1331
25.805
1.12227
6.06739
2.96583
7.96955
-10.5114
7.06549
7.77365
17.6904
-3.84927
10.6408
-0.273203
5.58091
-5.83877
-22.7911
7.72375
-2.71997
-0.217947
-4.86537
-4.52737
-3.64187
-26.0121
-24.5577
-21.2396
-21.9712
-5.56739
9.79749
-18.7489
-6.5456
-6.1155
7.67298
-9.917
13.7735
-5.34146
8.94849
-26.1037
-2.88744
-13.9615
-6.12588
4.38198
13.4251
-14.1979
-4.25517
-12.897
-2.72258
24.5406
18.7908
13.1741
22.8007
18.7415
30.4906
-12.8305
13.3192
-0.61142
-1.8467
-0.437416
5.00908
3.20063
21.0698
-16.9129
6.66237
-21.8745
4.2868
-18.3871
9.07475
-13.017
16.6195
-29.0123
0.949004
-21.0222
-8.30042
-3.1637
2.164
-4.35779
13.4448
-6.064
3.3688
-12.942
-13.4759
-12.4758
-6.23498
-2.7328
17.2059
-24.9942
0.743531
-30.4927
-33.9989
-26.2601
-31.686
-1.85511
16.717
-20.432
-4.75543
-0.72099
8.28189
-15.4255
-7.2274
25.7033
19.1009
25.9465
17.5636
-14.7076
3.95354
-8.45291
0.708859
6.58416
11.2456
27.7045
21.8909
-8.79775
-12.9047
-16.5645
-16.0019
-8.44032
-11.1551
-4.50426
-3.52522
-11.7985
4.22019
-9.21065
2.78302
-5.95211
13.0643
8.2566
22.2723
-0.749714
18.8337
-5.04603
5.13103
-10.3652
-3.41335
-2.23591
-5.66608
-13.7024
8.05246
-4.81354
-1.15954
-19.6332
-8.90423
1.59936
-6.74828
-11.0814
-11.7648
-3.89635
-8.51175
-38.839
-35.1565
-22.4731
-23.6983
-14.1454
-2.18993
-4.37968
-5.05078
-27.5967
-9.66972
-8.73216
-4.40748
5.20542
13.0159
-10.3386
-3.06682
24.7662
25.1391
19.3142
18.1727
-16.7638
-20.674
1.2079
-11.9355
1.26907
-8.47318
29.2508
9.29963
10.1949
4.79021
1.47539
1.00641
1.87957
6.03474
0.00721942
8.12235
-8.19215
-14.8502
5.99953
-4.41734
-7.41393
-2.90651
13.5429
13.3158
2.29576
23.702
-14.3259
-2.05981
1.85503
18.7974
-7.19668
-0.370136
-9.01202
-6.81324
0.108054
-15.5279
-2.16346
-2.82289
14.4446
-5.02524
6.29182
7.32593
1.03839
-1.59333
-14.1002
-0.532497
-15.0286
-6.10241
-2.53089
-10.2369
7.35284
-12.7135
-5.01212
1.42112
9.11475
2.21189
-2.12823
-4.43808
-10.4946
-7.65051
20.1252
8.47739
13.936
6.46629
-3.66637
-2.49992
10.1964
7.82217
14.5154
7.94945
30.4733
19.3909
-9.41628
-26.3134
-6.72006
-12.9889
-5.78911
-15.0268
-4.1607
-3.74588
-7.88033
-10.8337
6.4404
5.42066
2.29666
8.60825
15.4676
22.7372
8.88884
11.1653
10.0185
8.84732
-5.87156
-9.95935
-5.08692
-13.598
5.52533
3.79135
21.11
7.2339
-4.48948
-10.9821
10.6683
-8.94222
-1.83897
-21.3067
14.8969
-2.5442
-27.3009
-36.1354
-14.1549
-21.9385
-3.22548
-16.2363
17.3609
-2.3178
-13.3203
-14.0923
3.5943
-4.82134
-3.51776
-1.63949
-21.1103
-13.8119
9.7568
10.4648
-10.5143
-5.36204
-3.45645
-19.4808
13.7367
-5.56218
9.35098
-6.23809
23.7835
3.94425
8.66346
-4.15083
2.02033
0.100413
1.50243
4.51525
-11.0642
1.86729
4.39519
-15.8544
21.9331
3.88341
7.38855
4.57171
18.9211
17.3283
0.618653
10.0985
-18.9637
-12.6652
-7.08244
4.20089
-31.8654
-24.7393
8.4821
-7.42739
15.9114
-11.8741
9.13117
-3.36926
11.2779
-14.0743
10.6217
-1.74802
6.53238
-3.54445
-9.59018
-3.15899
-22.125
-14.3767
13.0584
-14.2332
25.3762
-8.31714
11.8183
4.93307
15.6086
1.34596
-0.413364
-3.46117
-13.2485
-16.8322
11.5275
-8.14827
5.73515
-15.4523
-14.0436
-11.6057
-7.21479
-14.0074
-6.7632
-19.3477
7.02638
-15.7644
18.2668
-3.32647
2.78906
-13.8658
12.0681
-9.15577
0.388199
-16.873
9.98793
4.34776
3.56959
-5.82674
9.75024
6.08507
7.0478
-1.34926
16.5524
35.3036
21.6535
31.2672
-1.33993
3.75696
8.28184
3.26555
1.25677
18.0069
18.2478
17.1659
-12.4788
-7.77735
8.95097
-5.15531
18.045
11.0937
25.0471
14.4327
-10.0622
-13.6703
-1.78422
-10.0312
7.00365
8.51869
15.2912
4.44855
-6.3252
0.138609
3.15619
-3.7134
10.7522
16.2041
-4.00121
1.18094
11.8722
8.86384
-0.694185
-4.94806
-6.48141
-16.9227
10.9856
-8.41998
-6.41733
-23.7133
13.1548
-14.0813
26.8775
13.6787
9.36832
1.37404
8.04863
3.38693
-10.5184
-10.9513
7.59165
-11.033
11.6984
-10.4163
-1.67164
-10.1536
1.2953
-11.6524
16.253
46.5192
7.95007
29.3449
3.57801
28.3576
-5.06
9.87262
6.98154
13.8677
23.125
12.4454
2.06787
5.07313
17.7944
2.2581
16.4523
20.9108
9.93722
10.9987
-8.24677
7.72253
-18.3418
-6.74517
4.03148
-4.42269
11.3583
-9.18739
-2.28474
2.37756
1.38025
-7.0247
-1.47116
-6.62475
-8.62764
-8.35849
19.1238
3.60942
6.23937
-4.82795
-15.8947
-21.7445
-2.11736
-11.239
1.10059
-13.5044
9.06808
-9.78441
9.91236
-15.2641
4.23809
-10.0413
19.8082
1.26844
5.16117
-3.45728
-7.0715
-22.4768
-2.4165
-15.6193
9.84625
2.6832
5.44652
-0.489729
9.54003
20.1912
19.4076
26.88
-0.672401
2.59179
0.945161
0.0548591
-9.40817
-6.93996
13.6192
4.21409
-14.4029
-17.7161
0.29251
-15.8697
2.55117
-13.9775
18.4446
4.21141
-10.4355
-17.3538
-6.03695
-11.6354
-20.0544
-34.2987
-1.60578
-22.2491
-17.2019
-20.2302
-10.3301
-20.733
8.89189
17.6186
-8.56954
5.84607
16.5505
23.0841
-11.4946
-0.247722
0.447037
-12.9014
16.476
0.121915
8.11055
-5.82534
13.474
-4.44328
24.1237
12.7222
8.03126
7.79299
19.2739
22.6768
-10.647
2.94341
5.71482
-17.2944
12.5083
-8.03234
11.4915
4.8922
4.37455
-0.731805
4.43842
31.9852
-7.48478
17.1494
-2.67215
25.6553
-27.701
-3.26183
1.09641
-0.918706
14.8896
1.26734
2.80808
3.17928
3.4137
-8.79798
2.55935
2.82092
-3.45117
-0.627887
-9.13473
8.90498
-31.4958
-11.8701
-11.8437
-30.6767
-2.74241
-27.7082
-4.09407
-3.54327
-11.4252
-17.983
17.983
11.4252
3.54327
4.09407
27.7082
2.74241
30.6767
11.8437
11.8701
31.4958
-8.90498
9.13473
0.627887
3.45117
-2.82092
-2.55935
8.79798
-3.4137
-3.17928
-2.80808
-1.26734
-14.8896
0.918706
-1.09641
3.26183
27.701
-25.6553
2.67215
-17.1494
7.48478
-31.9852
-4.43842
0.731805
-4.37455
-4.8922
-11.4915
8.03234
-12.5083
17.2944
-5.71482
-2.94341
10.647
-22.6768
-19.2739
-7.79299
-8.03126
-12.7222
-24.1237
4.44328
-13.474
5.82534
-8.11055
-0.121915
-16.476
12.9014
-0.447037
0.247722
11.4946
-23.0841
-16.5505
-5.84607
8.56954
-17.6186
-8.89189
20.733
10.3301
20.2302
17.2019
22.2491
1.60578
34.2987
20.0544
11.6354
6.03695
17.3538
10.4355
-4.21141
-18.4446
13.9775
-2.55117
15.8697
-0.29251
17.7161
14.4029
-4.21409
-13.6192
6.93996
9.40817
-0.0548591
-0.945161
-2.59179
0.672401
-26.88
-19.4076
-20.1912
-9.54003
0.489729
-5.44652
-2.6832
-9.84625
15.6193
2.4165
22.4768
7.0715
3.45728
-5.16117
-1.26844
-19.8082
10.0413
-4.23809
15.2641
-9.91236
9.78441
-9.06808
13.5044
-1.10059
11.239
2.11736
21.7445
15.8947
4.82795
-6.23937
-3.60942
-19.1238
8.35849
8.62764
6.62475
1.47116
7.0247
-1.38025
-2.37756
2.28474
9.18739
-11.3583
4.42269
-4.03148
6.74517
18.3418
-7.72253
8.24677
-10.9987
-9.93722
-20.9108
-16.4523
-2.2581
-17.7944
-5.07313
-2.06787
-12.4454
-23.125
-13.8677
-6.98154
-9.87262
5.06
-28.3576
-3.57801
-29.3449
-7.95007
-46.5192
-16.253
11.6524
-1.2953
10.1536
1.67164
10.4163
-11.6984
11.033
-7.59165
10.9513
10.5184
-3.38693
-8.04863
-1.37404
-9.36832
-13.6787
-26.8775
14.0813
-13.1548
23.7133
6.41733
8.41998
-10.9856
16.9227
6.48141
4.94806
0.694185
-8.86384
-11.8722
-1.18094
4.00121
-16.2041
-10.7522
3.7134
-3.15619
-0.138609
6.3252
-4.44855
-15.2912
-8.51869
-7.00365
10.0312
1.78422
13.6703
10.0622
-14.4327
-25.0471
-11.0937
-18.045
5.15531
-8.95097
7.77735
12.4788
-17.1659
-18.2478
-18.0069
-1.25677
-3.26555
-8.28184
-3.75696
1.33993
-31.2672
-21.6535
-35.3036
-16.5524
1.34926
-7.0478
-6.08507
-9.75024
5.82674
-3.56959
-4.34776
-9.98793
16.873
-0.388199
9.15577
-12.0681
13.8658
-2.78906
3.32647
-18.2668
15.7644
-7.02638
19.3477
6.7632
14.0074
7.21479
11.6057
14.0436
15.4523
-5.73515
8.14827
-11.5275
16.8322
13.2485
3.46117
0.413364
-1.34596
-15.6086
-4.93307
-11.8183
8.31714
-25.3762
14.2332
-13.0584
14.3767
22.125
3.15899
9.59018
3.54445
-6.53238
1.74802
-10.6217
14.0743
-11.2779
3.36926
-9.13117
11.8741
-15.9114
7.42739
-8.4821
24.7393
31.8654
-4.20089
7.08244
12.6652
18.9637
-10.0985
-0.618653
-17.3283
-18.9211
-4.57171
-7.38855
-3.88341
-21.9331
15.8544
-4.39519
-1.86729
11.0642
-4.51525
-1.50243
-0.100413
-2.02033
4.15083
-8.66346
-3.94425
-23.7835
6.23809
-9.35098
5.56218
-13.7367
19.4808
3.45645
5.36204
10.5143
-10.4648
-9.7568
13.8119
21.1103
1.63949
3.51776
4.82134
-3.5943
14.0923
13.3203
2.3178
-17.3609
16.2363
3.22548
21.9385
14.1549
36.1354
27.3009
2.5442
-14.8969
21.3067
1.83897
8.94222
-10.6683
10.9821
4.48948
-7.2339
-21.11
-3.79135
-5.52533
13.598
5.08692
9.95935
5.87156
-8.84732
-10.0185
-11.1653
-8.88884
-22.7372
-15.4676
-8.60825
-2.29666
-5.42066
-6.4404
10.8337
7.88033
3.74588
4.1607
15.0268
5.78911
12.9889
6.72006
26.3134
9.41628
-19.3909
-30.4733
-7.94945
-14.5154
-7.82217
-10.1964
2.49992
3.66637
-6.46629
-13.936
-8.47739
-20.1252
7.65051
10.4946
4.43808
2.12823
-2.21189
-9.11475
-1.42112
5.01212
12.7135
-7.35284
10.2369
2.53089
6.10241
15.0286
0.532497
14.1002
1.59333
-1.03839
-7.32593
-6.29182
5.02524
-14.4446
2.82289
2.16346
15.5279
-0.108054
6.81324
9.01202
0.370136
7.19668
-18.7974
-1.85503
2.05981
14.3259
-23.702
-2.29576
-13.3158
-13.5429
2.90651
7.41393
4.41734
-5.99953
14.8502
8.19215
-8.12235
-0.00721942
-6.03474
-1.87957
-1.00641
-1.47539
-4.79021
-10.1949
-9.29963
-29.2508
8.47318
-1.26907
11.9355
-1.2079
20.674
16.7638
-18.1727
-19.3142
-25.1391
-24.7662
3.06682
10.3386
-13.0159
-5.20542
4.40748
8.73216
9.66972
27.5967
5.05078
4.37968
2.18993
14.1454
23.6983
22.4731
35.1565
38.839
8.51175
3.89635
11.7648
11.0814
6.74828
-1.59936
8.90423
19.6332
1.15954
4.81354
-8.05246
13.7024
5.66608
2.23591
3.41335
10.3652
-5.13103
5.04603
-18.8337
0.749714
-22.2723
-8.2566
-13.0643
5.95211
-2.78302
9.21065
-4.22019
11.7985
3.52522
4.50426
11.1551
8.44032
16.0019
16.5645
12.9047
8.79775
-21.8909
-27.7045
-11.2456
-6.58416
-0.708859
8.45291
-3.95354
14.7076
-17.5636
-25.9465
-19.1009
-25.7033
7.2274
15.4255
-8.28189
0.72099
4.75543
20.432
-16.717
1.85511
31.686
26.2601
33.9989
30.4927
-0.743531
24.9942
-17.2059
2.7328
6.23498
12.4758
13.4759
12.942
-3.3688
6.064
-13.4448
4.35779
-2.164
3.1637
8.30042
21.0222
-0.949004
29.0123
-16.6195
13.017
-9.07475
18.3871
-4.2868
21.8745
-6.66237
16.9129
-21.0698
-3.20063
-5.00908
0.437416
1.8467
0.61142
-13.3192
12.8305
-30.4906
-18.7415
-22.8007
-13.1741
-18.7908
-24.5406
2.72258
12.897
4.25517
14.1979
-13.4251
-4.38198
6.12588
13.9615
2.88744
26.1037
-8.94849
5.34146
-13.7735
9.917
-7.67298
6.1155
6.5456
18.7489
-9.79749
5.56739
21.9712
21.2396
24.5577
26.0121
3.64187
4.52737
4.86537
0.217947
2.71997
-7.72375
22.7911
5.83877
-5.58091
0.273203
-10.6408
3.84927
-17.6904
-7.77365
-7.06549
10.5114
-7.96955
-2.96583
-6.06739
-1.12227
-25.805
-15.1331
-8.30002
1.33757
-5.27053
17.8467
-26.0345
-8.35716
0.916012
14.0722
-3.44036
3.30016
0.295414
4.6081
-10.6759
-20.4977
-1.04825
-5.09102
4.30603
-14.8469
1.37369
10.9847
-3.56337
6.0821
-12.05
4.59742
-3.82436
11.8817
6.35762
7.63153
0.608612
-6.7776
-3.97475
5.94112
3.35699
3.63701
-5.73402
-2.41879
-21.4022
-9.23282
20.9551
9.43505
16.3016
12.66
1.77698
8.97145
-7.61127
-0.257185
9.57487
3.53969
11.1194
4.26806
-15.198
-19.604
-15.345
-5.42254
-6.79414
-9.038
0.828692
11.9376
-7.67998
2.2606
-12.1516
3.42293
-7.5458
6.16255
-4.32953
14.037
3.49232
8.712
-6.02313
-0.550811
3.93004
-2.71176
2.90721
-4.45768
6.98622
8.5984
-4.02328
-10.853
-2.64997
-11.2937
-5.2488
-23.3101
10.3527
0.694128
20.9021
16.9705
0.430031
-4.09262
16.2272
16.4558
12.7565
9.95783
11.2073
5.44104
3.38146
7.32429
6.99807
6.99758
-8.02924
-2.80681
-26.9547
-12.612
5.03942
3.5943
-7.72708
-1.02762
11.6591
-0.618198
11.5701
-0.281425
9.44109
-7.89812
15.4291
-2.46002
-15.0925
-17.6966
-18.6099
-6.61945
-22.1183
-14.3926
-22.7216
-1.37702
-2.8008
-12.4373
1.91368
-1.82271
-14.4918
-12.1928
-6.94508
0.278262
-3.20094
6.94123
-27.4595
-16.7985
-0.345428
6.10297
-20.967
-14.9756
22.0978
7.25351
8.90173
-14.1183
18.4839
1.55151
8.84291
-17.241
7.32177
2.48035
3.0149
4.1666
-1.99239
6.46983
-5.90718
7.57243
24.1267
4.76626
20.2778
-1.78408
18.9647
14.5135
15.426
7.29758
-18.9228
-14.7187
-29.3918
-22.0234
-1.98405
-19.9052
3.4272
-12.3054
-10.8096
-0.716852
-17.5639
-13.0014
-13.3509
-23.7778
-4.30675
-21.2396
6.95048
-0.524876
-1.70253
-0.53925
6.09068
-6.51252
10.0731
5.13283
17.348
26.2287
1.80526
10.63
7.62974
12.9881
4.64047
8.96724
-16.5085
6.81263
-12.3846
5.49936
-18.6406
-14.4709
-1.1584
-3.40163
-12.2525
9.47059
-12.1878
-4.59642
-25.0472
-20.87
-11.7062
-22.6365
11.9413
16.426
22.4249
26.9467
-0.0644783
2.26618
20.5325
21.9246
17.3846
30.7386
13.2045
17.901
5.33764
18.1432
11.189
14.3613
-13.6496
-3.2267
-20.0682
-6.21476
-12.1733
-15.7079
-7.56722
-8.6471
1.43805
-3.62932
11.2909
0.959439
-12.9611
-30.3804
7.83445
-15.8247
-7.39968
-8.76154
-12.1153
-4.5724
-25.5312
-23.8532
-22.4671
-12.86
2.56867
-3.81611
3.51983
-2.65471
-20.8167
-22.5561
-12.1678
-14.6726
-20.2177
12.3376
-23.5291
3.85521
-21.774
-0.202444
-16.5827
-1.15795
0.640321
10.2186
5.82637
1.53906
-7.97405
-7.77396
5.63264
-9.00858
-10.1297
3.48383
-7.19448
6.72232
-23.3689
-3.74174
-15.176
3.77873
4.51195
5.61581
5.33997
-1.94744
-5.16388
3.55921
0.839912
0.196009
-17.4981
-16.4485
-22.8225
-12.6499
12.0239
-2.78441
9.80922
3.14816
-9.61671
-8.86034
-9.95641
-8.77158
1.48623
-12.0098
4.17429
-9.869
-1.04994
-13.1572
-0.433483
2.05659
18.1141
7.14633
18.5954
21.2492
1.20411
-0.729048
-3.79929
0.170333
12.5706
13.3824
7.35008
13.089
-11.4401
2.73241
-3.08377
11.6103
-1.96293
-0.674593
6.98109
7.81519
-10.2751
-3.88257
-4.70802
-6.48854
-10.3997
-15.2858
-4.32694
-18.3618
6.3998
0.258461
25.2407
25.0951
13.4439
11.4157
29.6275
32.6195
0.840356
-2.61363
6.28739
0.134669
8.90408
11.1689
11.612
10.2023
-9.79696
2.85207
-19.4574
2.58075
2.14723
7.10598
-9.25923
4.11295
14.641
5.61785
22.5218
14.1932
11.7707
-3.33721
17.8235
2.43455
-6.56902
-7.18221
-10.4018
3.84847
-6.79208
1.90186
-15.6157
6.96597
4.8379
-6.98013
7.94181
2.29272
0.4218
-0.483502
-1.54707
2.74083
-16.721
12.0662
-24.1865
5.38837
-8.78346
15.2873
-20.517
3.36566
10.6281
10.2564
12.9299
4.65125
12.5684
9.08574
10.5202
-1.84507
-10.8398
-2.47178
-7.93394
6.69603
-7.14465
13.5043
-11.7517
14.1834
2.38115
-7.94241
4.44972
-8.30643
10.7005
14.2635
5.17426
5.32889
