0.363545
-3.38779
-5.27009
-3.76299
15.9128
-6.69528
9.93728
-8.38811
-1.74149
13.3903
-9.50383
2.19186
3.7256
3.70088
5.31354
0.876987
-10.0746
-2.44152
-10.8877
7.47814
7.84264
-1.77546
7.05948
7.19841
-11.9802
11.8415
-14.3438
11.5161
4.78884
15.0596
12.1473
23.4806
1.90076
-0.895131
-0.978049
-7.11702
9.67206
5.01682
4.17044
-4.80361
-11.5009
-0.910913
-3.12228
-4.56991
-9.35314
3.07775
6.09485
5.51239
0.904737
5.32073
-9.92414
-3.37691
7.70075
11.863
-5.3791
-0.0613509
-11.8254
3.28196
-10.8187
-2.27462
-1.71895
16.8349
6.72898
17.7438
-1.46654
-7.39143
-3.92624
-4.32654
9.01203
-12.7959
15.4174
-1.84165
-17.8847
5.54093
-22.555
-2.29936
-28.9741
-17.7312
-15.0872
-7.99
5.11299
-5.5498
-0.431135
-0.0950152
9.57289
-15.3673
13.2657
-1.65135
-10.0903
5.90284
-17.2669
1.03061
-18.2644
-12.8484
-6.51196
0.232719
13.7595
7.31262
6.28066
-3.24315
15.8006
10.4681
14.9058
5.52071
-6.51469
10.8917
-2.81806
2.81684
-21.583
0.638057
-1.61002
7.86381
25.8237
10.4664
2.48983
-10.4701
18.5029
5.86555
2.12494
-9.0907
7.23637
13.0378
-4.34387
-4.83959
-8.25984
3.96185
-3.19192
1.7569
12.4538
4.50863
-6.42503
-3.15304
19.0105
0.376288
-10.7244
-19.1172
17.6427
21.0939
-6.60967
-0.635833
13.205
9.66746
-12.2113
-14.202
0.108145
3.95036
-7.57299
12.9607
7.95405
2.7128
-10.2113
0.263116
-9.32297
3.22113
-21.7995
-1.25851
-3.53749
3.62339
-16.8061
-2.62405
9.29575
-3.12957
5.72836
-4.08136
8.8413
2.72432
-7.86312
-12.3402
11.1153
4.58911
15.5605
2.95535
4.12508
7.60751
5.12542
1.55318
3.09647
-1.71404
-2.04389
1.23554
0.587952
3.69139
-17.3176
-7.09994
-9.23197
-10.8378
-5.7816
-7.99207
-9.34226
0.666071
-8.96488
-0.536885
-6.32217
-13.4256
-10.6816
-6.30175
4.29779
-10.5209
-1.71083
-6.02198
0.591897
15.3523
-9.22307
8.32602
-11.2683
-0.523014
-13.0403
-0.481948
5.67094
-5.76741
4.60416
10.1234
9.19346
-8.35459
6.84937
5.28318
-1.0197
6.71119
-6.96382
9.03013
-11.0434
-5.72195
-8.57264
4.03613
-3.195
-16.256
-0.0170532
-10.1963
-0.245779
-4.0247
-0.997913
-2.87079
7.79023
11.0957
18.8988
16.3915
-7.28209
9.00576
9.58859
19.0879
10.987
-10.5815
4.68701
-8.52542
3.49554
-7.18526
-6.36268
-9.66312
8.83958
0.943074
11.0484
2.81342
-7.73944
-1.04798
0.603322
5.9806
-12.1162
-7.48949
-8.33138
1.82265
-2.5772
-10.54
-0.182909
-3.59412
5.94147
8.07241
5.07557
4.03925
12.9263
6.16803
20.3621
9.46077
-24.2944
-15.4403
-6.85142
13.0043
-21.195
-23.3248
-4.77071
3.1254
1.88755
5.55138
15.258
21.2289
11.3668
7.74697
33.4107
31.1222
-9.89256
-4.90029
-2.08297
-0.164924
-8.66546
0.734717
-4.52734
0.822883
-9.06672
-12.0675
7.47825
-7.29129
-5.93512
-0.827724
16.6306
8.99346
-17.2702
-12.223
-8.57303
-1.12579
-25.8259
-14.7652
-20.4284
-7.94338
-7.84797
-13.4884
10.1627
-1.77215
-5.56524
-1.49187
18.838
15.6412
3.36237
-0.178625
-5.62795
-3.37551
6.56789
-6.58884
5.39396
-2.94506
6.13289
10.5635
-7.59013
-6.06067
-4.70152
-6.18643
-0.915965
-6.27771
12.1312
-3.30473
8.89402
4.72589
0.510468
-22.9356
5.46156
-7.69245
24.0413
13.8825
16.6496
9.064
7.31464
-7.15408
17.8034
4.93216
11.3632
6.71024
-1.37642
-8.8374
5.59719
8.32596
-1.60691
-2.66194
4.34236
2.16378
0.256225
-13.425
-11.0049
-2.10153
0.136643
-3.43835
20.9751
0.254767
1.2181
-16.836
-2.96031
-14.6934
-16.81
-26.8525
23.566
2.62548
13.0406
-13.9282
-1.01672
-9.26971
4.05738
-11.1996
0.433355
7.3135
-9.14012
9.22599
9.79712
12.2555
-11.6811
1.28746
2.93243
-0.169965
-14.5367
-14.8476
8.82983
5.00589
-10.8518
-12.8601
-9.1608
2.34969
1.30099
29.7718
-7.31541
1.37887
-8.38654
16.2923
-13.3569
-14.5235
-10.2126
-3.11342
-6.04394
-6.32645
-4.74034
2.26718
5.30381
7.11385
12.3116
17.0061
7.12243
21.5081
-0.055416
16.239
-1.50173
-15.1715
10.9966
-8.48321
1.30919
3.91531
9.31404
5.13435
-2.78554
-0.517672
11.4869
22.1136
-11.8285
4.62055
-11.3699
12.4622
-15.8142
-31.7206
4.52693
-11.7153
-14.9309
-12.9559
1.28857
1.95212
-3.89315
-2.16545
-14.8964
-1.41659
8.27105
8.55071
-5.43004
5.62603
-0.643022
1.56951
-19.6238
-14.3537
-3.43097
1.03378
-15.4174
-8.87082
14.7808
5.0165
15.9078
23.37
11.04
1.43326
9.84101
16.485
12.351
0.377056
6.07862
2.63659
2.59203
-5.52409
3.68587
3.12593
-0.649248
-5.46909
-2.84521
-4.51444
3.31025
14.0398
-3.86444
9.03999
0.736811
-9.09544
3.94943
-11.4268
-5.79718
3.6202
2.12889
5.02661
15.572
-4.91231
12.7357
0.876353
0.283296
-3.04605
-7.15986
-2.84001
11.7503
-16.441
14.9007
-13.3601
-5.09798
-12.434
3.13778
-5.24357
5.24357
-3.13778
12.434
5.09798
13.3601
-14.9007
16.441
-11.7503
2.84001
7.15986
3.04605
-0.283296
-0.876353
-12.7357
4.91231
-15.572
-5.02661
-2.12889
-3.6202
5.79718
11.4268
-3.94943
9.09544
-0.736811
-9.03999
3.86444
-14.0398
-3.31025
4.51444
2.84521
5.46909
0.649248
-3.12593
-3.68587
5.52409
-2.59203
-2.63659
-6.07862
-0.377056
-12.351
-16.485
-9.84101
-1.43326
-11.04
-23.37
-15.9078
-5.0165
-14.7808
8.87082
15.4174
-1.03378
3.43097
14.3537
19.6238
-1.56951
0.643022
-5.62603
5.43004
-8.55071
-8.27105
1.41659
14.8964
2.16545
3.89315
-1.95212
-1.28857
12.9559
14.9309
11.7153
-4.52693
31.7206
15.8142
-12.4622
11.3699
-4.62055
11.8285
-22.1136
-11.4869
0.517672
2.78554
-5.13435
-9.31404
-3.91531
-1.30919
8.48321
-10.9966
15.1715
1.50173
-16.239
0.055416
-21.5081
-7.12243
-17.0061
-12.3116
-7.11385
-5.30381
-2.26718
4.74034
6.32645
6.04394
3.11342
10.2126
14.5235
13.3569
-16.2923
8.38654
-1.37887
7.31541
-29.7718
-1.30099
-2.34969
9.1608
12.8601
10.8518
-5.00589
-8.82983
14.8476
14.5367
0.169965
-2.93243
-1.28746
11.6811
-12.2555
-9.79712
-9.22599
9.14012
-7.3135
-0.433355
11.1996
-4.05738
9.26971
1.01672
13.9282
-13.0406
-2.62548
-23.566
26.8525
16.81
14.6934
2.96031
16.836
-1.2181
-0.254767
-20.9751
3.43835
-0.136643
2.10153
11.0049
13.425
-0.256225
-2.16378
-4.34236
2.66194
1.60691
-8.32596
-5.59719
8.8374
1.37642
-6.71024
-11.3632
-4.93216
-17.8034
7.15408
-7.31464
-9.064
-16.6496
-13.8825
-24.0413
7.69245
-5.46156
22.9356
-0.510468
-4.72589
-8.89402
3.30473
-12.1312
6.27771
0.915965
6.18643
4.70152
6.06067
7.59013
-10.5635
-6.13289
2.94506
-5.39396
6.58884
-6.56789
3.37551
5.62795
0.178625
-3.36237
-15.6412
-18.838
1.49187
5.56524
1.77215
-10.1627
13.4884
7.84797
7.94338
20.4284
14.7652
25.8259
1.12579
8.57303
12.223
17.2702
-8.99346
-16.6306
0.827724
5.93512
7.29129
-7.47825
12.0675
9.06672
-0.822883
4.52734
-0.734717
8.66546
0.164924
2.08297
4.90029
9.89256
-31.1222
-33.4107
-7.74697
-11.3668
-21.2289
-15.258
-5.55138
-1.88755
-3.1254
4.77071
23.3248
21.195
-13.0043
6.85142
15.4403
24.2944
-9.46077
-20.3621
-6.16803
-12.9263
-4.03925
-5.07557
-8.07241
-5.94147
3.59412
0.182909
10.54
2.5772
-1.82265
8.33138
7.48949
12.1162
-5.9806
-0.603322
1.04798
7.73944
-2.81342
-11.0484
-0.943074
-8.83958
9.66312
6.36268
7.18526
-3.49554
8.52542
-4.68701
10.5815
-10.987
-19.0879
-9.58859
-9.00576
7.28209
-16.3915
-18.8988
-11.0957
-7.79023
2.87079
0.997913
4.0247
0.245779
10.1963
0.0170532
16.256
3.195
-4.03613
8.57264
5.72195
11.0434
-9.03013
6.96382
-6.71119
1.0197
-5.28318
-6.84937
8.35459
-9.19346
-10.1234
-4.60416
5.76741
-5.67094
0.481948
13.0403
0.523014
11.2683
-8.32602
9.22307
-15.3523
-0.591897
6.02198
1.71083
10.5209
-4.29779
6.30175
10.6816
13.4256
6.32217
0.536885
8.96488
-0.666071
9.34226
7.99207
5.7816
10.8378
9.23197
7.09994
17.3176
-3.69139
-0.587952
-1.23554
2.04389
1.71404
-3.09647
-1.55318
-5.12542
-7.60751
-4.12508
-2.95535
-15.5605
-4.58911
-11.1153
12.3402
7.86312
-2.72432
-8.8413
4.08136
-5.72836
3.12957
-9.29575
2.62405
16.8061
-3.62339
3.53749
1.25851
21.7995
-3.22113
9.32297
-0.263116
10.2113
-2.7128
-7.95405
-12.9607
7.57299
-3.95036
-0.108145
14.202
12.2113
-9.66746
-13.205
0.635833
6.60967
-21.0939
-17.6427
19.1172
10.7244
-0.376288
-19.0105
3.15304
6.42503
-4.50863
-12.4538
-1.7569
3.19192
-3.96185
8.25984
4.83959
4.34387
-13.0378
-7.23637
9.0907
-2.12494
-5.86555
-18.5029
10.4701
-2.48983
-10.4664
-25.8237
-7.86381
1.61002
-0.638057
21.583
-2.81684
2.81806
-10.8917
6.51469
-5.52071
-14.9058
-10.4681
-15.8006
3.24315
-6.28066
-7.31262
-13.7595
-0.232719
6.51196
12.8484
18.2644
-1.03061
17.2669
-5.90284
10.0903
1.65135
-13.2657
15.3673
-9.57289
0.0950152
0.431135
5.5498
-5.11299
7.99
15.0872
17.7312
28.9741
2.29936
22.555
-5.54093
17.8847
1.84165
-15.4174
12.7959
-9.01203
4.32654
3.92624
7.39143
1.46654
-17.7438
-6.72898
-16.8349
1.71895
2.27462
10.8187
-3.28196
11.8254
0.0613509
5.3791
-11.863
-7.70075
3.37691
9.92414
-5.32073
-0.904737
-5.51239
-6.09485
-3.07775
9.35314
4.56991
3.12228
0.910913
11.5009
4.80361
-4.17044
-5.01682
-9.67206
7.11702
0.978049
0.895131
-1.90076
-23.4806
-12.1473
-15.0596
-4.78884
-11.5161
14.3438
-11.8415
11.9802
-7.19841
-7.05948
1.77546
-7.84264
-7.47814
10.8877
2.44152
10.0746
-0.876987
-5.31354
-3.70088
-3.7256
-2.19186
9.50383
-13.3903
1.74149
8.38811
-9.93728
6.69528
-15.9128
3.76299
5.27009
3.38779
-0.363545
