6.56131
3.15371
14.5839
5.28314
2.63716
7.9104
22.6114
21.0157
3.91251
17.2609
5.84581
4.60648
-8.66157
16.3414
-6.26242
3.17714
-4.92059
-26.7877
-0.670435
-22.9564
-10.6516
-15.6702
4.63795
-1.77521
2.12811
-7.15551
1.05573
-17.3413
-7.87362
2.66507
-9.39235
-8.9428
-9.89232
-8.35919
-5.00513
-17.9667
-26.345
-9.86372
-1.97809
-0.967282
-5.53083
-3.36399
-7.26691
-28.2893
-25.0534
-4.96472
-18.7956
-22.8719
-10.4281
-24.3392
-8.84132
-31.7728
-27.4261
-18.2214
-7.27183
-8.06321
-1.55873
-19.0086
-5.82841
-40.9932
-17.2474
-8.60773
-14.4354
-24.4864
-24.1391
-7.54228
-22.218
-11.2482
-9.9676
14.2873
2.1544
19.8066
-13.0427
20.7131
-17.0602
2.37399
3.05672
47.4444
-2.24564
26.8447
-30.8382
-38.695
-31.6742
-39.6838
-19.6583
-11.6894
-11.2057
-4.36517
-12.5307
-7.40115
-18.5385
-22.2562
4.95625
28.8854
-3.24865
10.8575
-13.5989
5.65775
-14.4722
-9.44406
-29.0244
4.15764
-12.1687
5.80906
-9.94785
10.3454
-17.2936
-19.9234
-17.8654
19.327
-18.968
-5.67443
-4.16644
-6.34818
-7.32475
-18.2607
-21.3221
-1.41073
-7.66364
2.51774
1.50604
-3.81157
-7.358
-30.1244
-3.76244
15.9868
-7.29552
-5.97081
-3.92848
-20.2578
4.35009
-11.9137
-1.68541
-12.0284
15.2016
3.94837
-3.6896
-10.4199
7.63358
-7.72575
-23.3382
-21.1084
-14.8924
-22.2673
4.9393
-18.631
-5.37409
-23.4046
-9.55715
-18.9734
-12.1744
-17.0266
10.9073
-7.23654
4.40532
-16.8933
-21.1016
-22.1176
-31.3931
-36.5396
-29.2441
-31.4257
-8.06273
-18.7804
-47.6148
-37.5428
-10.297
-9.73677
-15.3354
-24.0403
8.35666
-17.5788
-50.0178
-43.4953
-21.6751
-33.3589
-18.8867
-25.294
-15.8252
-25.2943
-52.7354
-38.7214
-34.4497
-24.4731
-4.43841
-21.5416
1.90052
-26.9589
-50.2195
-43.9276
-40.1422
-46.5822
-16.9456
-13.3524
-18.726
-14.8011
-0.606572
7.95023
4.4707
12.3834
-4.75329
8.84186
-3.33833
1.89392
0.271916
21.8044
-2.94123
9.25266
-2.12952
-11.7715
-21.4865
-25.3226
-3.71484
-0.225557
-17.1264
-8.80689
13.3054
9.49283
-2.08945
-8.79062
4.78556
17.078
-16.1496
-7.72147
-14.112
1.34801
-2.64847
4.54163
-35.4552
-8.76441
-9.60603
7.8392
-2.70544
6.63416
11.4195
3.79465
-29.7825
-6.23831
-12.7577
-7.15362
7.37915
12.6192
1.73808
4.18257
-30.6269
-5.98831
-22.7945
-1.92715
16.8387
11.7859
14.6259
-1.91708
-22.5219
-5.20242
-22.7471
-17.8934
-9.79354
-7.75236
10.6924
7.10918
-14.3147
-9.08989
9.73625
8.36095
-9.16823
9.52362
3.96554
8.3385
-15.1627
9.68652
-9.94969
-0.395087
-25.0774
-35.0485
-0.439155
-10.5603
-26.7927
-25.4125
0.498355
0.75278
-21.3965
-18.8895
-3.34359
-9.68113
-20.2059
-3.3738
-10.9859
-3.97415
2.76656
-0.76574
19.1429
1.38477
-15.525
-9.60642
11.9445
2.66143
10.3158
7.31188
18.8061
-7.11822
-3.8691
5.55161
4.22849
-10.2469
-12.0143
-24.5436
8.98652
-12.2943
-26.2384
-21.1492
4.94321
0.305214
-6.59903
-22.7725
7.2825
-26.337
-12.3373
-7.91843
0.239291
-13.7636
-20.8012
-2.0005
-9.71266
3.72988
-15.8107
5.1509
-2.90784
11.7198
-14.016
21.8383
-10.1288
11.6728
0.0790287
41.068
-5.70526
20.2553
-32.5019
-31.7077
-16.2457
-15.3353
-25.8904
-14.7675
-8.73203
1.5312
-25.1476
-11.4722
-15.3259
-10.2289
-5.05226
21.9254
-5.81428
11.6093
6.81022
17.7566
14.1304
11.117
-19.0382
0.336307
-2.3757
2.06335
6.06376
17.9414
5.64858
-5.12801
-5.10015
18.1794
-7.65877
-8.00919
0.79795
-3.24688
13.7579
1.22764
-22.1679
-9.61687
-0.77784
2.31205
-4.56898
-11.855
1.4224
-23.0436
-8.47106
3.8125
-5.53534
-11.4074
-4.49278
-8.99618
6.31935
2.15028
6.75166
2.73735
17.7856
13.1299
2.00995
7.00022
14.6039
11.234
-1.46067
6.99246
-0.130723
-1.01352
0.836043
-4.4612
0.981033
1.49244
-0.0463102
3.31324
-0.591747
7.60074
6.426
6.4499
9.11959
6.25761
-4.79217
6.8623
-14.2748
-6.48192
-9.12183
-9.99177
13.619
4.48189
-19.7331
-13.8467
10.7576
7.40108
10.9644
3.46584
34.9531
10.4928
-8.78196
-6.55039
11.4708
-4.23509
-12.7464
-11.3949
-0.20067
-1.642
-34.223
-17.9474
-14.8396
-2.33257
1.23743
-8.2122
15.7979
-5.13918
-24.9949
-16.5467
-15.0827
-19.0976
-10.3286
1.84561
-12.8712
-0.0965349
6.42777
18.0683
2.35619
13.6215
0.542258
22.6131
-0.0678102
13.909
13.1614
37.6724
-0.463368
14.9778
-0.251185
5.13501
-12.4456
-0.984611
3.19359
16.2138
-11.442
6.67734
7.22044
18.3307
-2.27464
6.21591
10.9072
32.6254
-12.5148
5.60789
1.24911
14.7759
10.9763
16.502
-20.9187
-1.65834
-5.19247
5.09117
11.2479
18.5489
22.3736
12.9791
-9.47723
6.53125
-3.83813
-5.50094
7.55849
17.3125
8.10592
15.3333
-26.6594
-3.00403
-21.0251
-0.872141
8.9684
8.32423
11.6812
-0.184177
-19.4275
-3.19655
-23.1135
-19.0796
38.0573
26.0562
43.2129
21.1054
10.9604
18.1075
26.9888
23.0539
12.2421
15.5196
21.9299
6.40649
-22.9432
2.45626
-13.8683
-8.24547
16.7424
-16.4001
16.3162
-21.4582
7.60275
1.77618
17.1372
5.70296
18.5979
-3.43854
23.4707
-11.8922
5.74909
14.0023
9.09677
3.04776
21.1734
13.0643
29.4
2.58317
-20.5805
-3.27405
6.04708
3.66998
-1.55833
-10.5111
10.6666
-25.6886
-45.8206
-26.3841
-26.6806
-35.6222
5.76422
-20.4709
8.88121
-30.5874
-16.7708
-9.42278
3.83484
-3.02631
5.51358
-25.7378
13.3956
-39.7838
-15.1507
-9.84509
-1.26573
-18.8639
1.1312
6.61244
-4.45629
-8.81518
-5.27622
18.3305
-1.74157
11.0493
-8.62455
12.5382
-9.5291
-6.90103
-12.5425
29.7195
-15.8107
6.94087
-15.0996
-36.7539
-25.2535
-51.2736
-4.73458
-0.0956934
-6.67854
-7.3812
0.328851
-9.81646
-4.3753
-27.581
17.5626
36.6842
9.58254
14.6681
14.5845
21.6769
12.4092
1.05995
-23.5484
7.93678
-9.0735
2.99427
-6.54342
0.10819
-4.56974
-25.0543
-36.6069
-2.58874
-29.4688
-23.5626
9.44485
-7.58298
3.17521
-26.82
-10.654
4.87856
-1.18572
0.40383
8.31152
-13.3296
6.95766
-36.3454
0.661301
14.5544
3.55963
-5.18492
10.9809
-5.10434
20.8839
0.651092
2.61443
2.98293
20.0471
15.2923
3.90784
-4.0558
27.477
6.67121
-25.7887
-14.3249
-6.17571
-8.52975
4.24721
-21.7609
-6.25099
-30.9324
-1.09463
-2.48133
-4.9754
-6.01112
20.8765
-1.1826
24.8112
-4.61572
-1.41624
4.11987
-2.34988
-5.15734
-10.3861
-13.3723
18.6263
2.89097
-41.4948
-21.76
2.57526
8.5852
-7.71608
-18.703
34.4284
1.99786
-54.5749
-39.8671
-8.85849
-16.5701
-20.6705
-30.5642
-11.5873
-28.7559
-47.493
-26.4981
-24.2643
-11.52
0.512231
-21.5548
23.4944
-14.542
-37.6812
-25.8858
-12.0394
-17.1891
-7.59903
-6.2838
-12.3965
-14.9627
0.724291
17.4705
1.70574
13.5948
-0.404429
9.43531
8.615
5.87874
-2.83338
25.4111
0.47917
15.1719
-8.08316
-22.685
-32.2665
-45.2755
2.07996
11.0768
-17.2367
-7.62275
20.3273
10.0774
10.7276
-6.62397
24.1174
40.4399
7.89858
16.1437
2.52668
14.66
17.1796
16.83
-28.9608
4.87081
-1.00086
19.372
5.00867
9.54421
32.9446
16.3026
-31.6511
-2.44352
-1.89401
5.16029
3.67721
2.90876
-0.58366
-8.36076
-24.7089
4.38861
-16.575
4.5381
22.1854
9.64666
31.9743
3.73231
-6.9937
13.3072
3.70409
7.3261
21.1416
15.8592
30.8487
15.7289
-4.57626
3.79226
7.61708
5.17244
-3.51191
6.37888
9.46458
0.82338
-30.1416
-3.6261
-26.1647
-19.1569
2.43229
-17.5443
14.4825
-9.85725
-0.715666
1.1264
12.9086
9.41178
-1.19251
-10.1684
14.8939
-7.1397
-0.873018
14.9435
5.30161
7.08476
33.5644
21.6598
45.3685
15.0249
-8.05241
-0.0387448
13.766
2.36496
11.9079
-0.945697
26.4475
-13.5397
-25.0407
-15.0023
-11.9726
-30.0435
10.3177
-13.2657
24.9369
-11.6111
-7.46759
-2.96509
16.2537
6.81589
4.50042
-24.2046
22.6219
-27.7423
-4.23744
-1.88277
11.5004
-8.77988
7.32665
16.2817
2.99491
2.37868
-6.2858
15.2975
-9.88201
1.15427
-8.85277
15.6785
-9.76436
-3.49896
-12.7992
27.3341
-24.461
-3.56934
-7.49828
-19.2316
-8.47159
-24.3018
0.274422
9.33709
-0.875581
3.11439
-5.13541
-5.46503
-1.92179
-15.0429
16.6826
40.1227
8.23374
17.9066
38.1441
38.1962
36.2505
18.1297
-8.43569
10.5118
-2.06578
-2.26679
10.5062
10.0121
11.4987
-15.8627
-20.8276
0.547564
-23.0573
-29.5252
23.9673
6.34624
25.9041
-4.4154
0.0341322
9.47632
9.32233
5.0903
9.68202
-12.6577
15.2718
-28.4609
5.37417
13.0715
6.82957
-7.84189
5.48454
2.49512
10.0094
3.14122
8.09545
16.0625
11.7633
14.8759
2.56287
7.58969
19.4911
11.9446
-8.97975
9.9773
-4.39433
1.01369
1.61942
-4.84569
-6.33213
-11.2017
11.8677
24.5267
2.14691
15.4258
15.7581
13.1367
20.9767
11.2563
16.2321
35.7086
8.19569
19.5975
5.09711
4.69251
27.7572
14.8723
-16.2762
0.542968
13.055
16.4181
11.8321
3.32146
46.3616
16.6761
-18.1147
-6.42787
11.6
1.13633
-12.7618
-13.6268
-2.10606
-9.97701
-25.2362
-0.709765
-8.8216
7.72315
5.84401
-7.29959
29.1359
0.291826
-10.8247
4.39692
6.74029
5.28567
-2.4957
8.67045
-15.9671
-8.41357
8.22096
29.3208
-7.85817
8.65337
1.26499
20.8503
0.347651
7.62583
8.40597
40.8988
-6.60487
12.6051
-1.31097
0.385307
-26.2435
-22.6855
15.8582
35.6559
-12.5942
8.08948
17.0236
22.9666
5.41201
4.52211
34.9964
62.0145
8.37905
27.5886
16.667
28.1371
21.6719
20.9279
-13.669
14.0021
-3.74377
10.7374
15.6288
19.3957
32.6538
15.5121
-12.703
10.2387
-2.24338
-1.18608
9.04335
14.0588
3.05925
1.33493
-13.5786
15.8056
-15.5546
6.11405
17.3894
10.5292
24.1922
1.89771
1.15101
21.6333
0.476157
4.54837
-9.25324
-2.42712
-3.10311
1.53006
-4.40335
3.61687
4.89086
9.74241
9.01646
27.1629
17.8945
25.1535
-3.00698
19.3074
-2.47058
7.98057
-5.11651
-11.3693
4.7017
1.73025
4.32954
7.43851
16.3796
21.7943
2.89286
3.78788
16.2058
11.6877
-0.155164
13.0754
3.90389
10.7456
-9.60232
-1.60315
-29.4402
-32.2355
-7.88866
7.57188
-17.0544
-13.3641
17.7246
20.9219
0.0807397
-16.211
8.14492
21.7773
-10.3126
-17.1449
2.99379
0.929312
-12.7039
-20.0886
10.5652
24.1298
4.62735
11.8961
14.8708
3.83187
2.13388
-22.9197
15.5281
23.092
1.06529
-6.36121
-48.505
-26.5301
-35.6316
-15.5835
-23.0768
-0.930576
-8.81003
10.4337
-20.4507
13.2474
-4.69861
18.3782
-1.31805
35.5253
4.34165
29.5879
-40.3931
-37.4914
-22.8363
-16.387
-11.5536
-0.312813
6.48436
20.297
-25.0857
-14.6332
-3.88336
1.42215
1.83759
23.603
12.0353
27.6779
-16.1135
4.75351
-28.887
-18.5483
-10.8901
16.4156
-14.7422
1.05945
6.54234
23.0104
-3.8864
-6.64123
11.0503
36.9307
-1.94285
3.739
5.64311
10.4523
-1.97491
-2.21971
15.5395
34.955
15.9306
29.3164
10.3626
6.60021
5.85609
-11.6548
23.9226
37.7404
15.9396
15.0331
-0.567978
-17.2681
10.2545
-2.67991
7.28665
-10.9139
17.91
2.49944
15.977
3.44021
38.6613
21.1958
-6.28345
-17.3468
4.71597
-12.2519
28.1888
9.62813
27.8598
18.5392
25.7069
13.8136
24.2666
20.6376
30.505
11.9352
42.8047
24.7805
2.28737
-6.64133
1.98996
-7.36895
-22.8535
-29.1736
-21.9808
-33.1367
-26.2204
-27.7737
-18.0188
-25.3836
9.40824
-8.87082
21.6089
-10.2005
-18.4937
-29.0322
-10.45
-35.4945
4.90615
-0.259168
-4.90052
-9.42729
-7.53567
0.23358
-10.9257
-3.49359
17.7496
-3.54717
20.0377
-9.3151
-14.848
-20.2365
-17.6291
-32.0492
-25.5263
-27.1596
-11.938
-9.53941
-1.0931
-5.24956
10.5453
9.44503
-0.988596
1.94439
24.6124
22.8827
3.90739
7.29102
16.0727
13.8179
8.37096
-1.11703
11.8232
11.8414
21.2829
17.4394
21.873
26.5601
16.1935
7.09929
32.4252
24.1426
13.9475
13.4716
15.8312
15.1913
-13.9158
-7.45008
-9.93623
-8.04008
-17.7727
-7.56279
-8.21492
-3.55036
11.883
6.7928
27.3413
8.98694
-5.93104
-4.30337
3.61965
-8.99257
24.1697
25.7961
18.4853
21.0164
10.0532
23.5914
9.0347
22.5019
28.0638
13.9617
34.6249
12.733
4.36929
5.15277
4.11055
-3.87154
-17.1992
-6.21951
-4.22017
4.83538
-9.71569
-3.03918
-1.97924
1.79746
-5.70798
16.4867
8.73617
20.3122
-7.92125
12.9441
-10.2054
-0.934442
-31.2835
-26.9356
-6.71162
1.18652
-14.5912
-6.3787
3.82599
14.613
-36.6946
-25.3041
-9.89071
-3.6446
-25.3197
-7.09094
-16.1564
-4.04765
20.4383
22.0768
6.45517
-2.43193
23.5436
27.1462
11.846
3.9473
40.9004
37.6316
27.8485
5.35955
39.8889
41.5581
17.6368
-0.889985
4.37023
2.39229
2.4521
-4.57713
17.946
26.0999
17.4011
19.528
2.74049
-8.31724
2.52036
-22.2832
16.5787
18.6266
6.24613
-6.42756
-37.4641
-14.5805
-21.0576
0.168012
-17.9863
-0.428682
-8.57311
6.35088
-23.7736
10.7279
-5.75123
18.3978
-3.41479
28.7346
-3.87142
16.9498
-48.773
-38.5154
-19.7583
-5.68428
-21.2712
-8.17176
-0.161942
15.7782
-54.4713
-36.7682
-23.0738
-10.2489
-21.7091
1.80957
-9.70291
7.96188
20.9714
32.2329
10.7569
11.7589
19.0025
31.2054
9.32277
10.2905
29.1771
35.9343
20.0446
7.84774
33.6693
44.3416
13.5858
4.32835
12.8642
14.515
15.73
12.5957
20.1809
30.9408
22.6693
27.6683
-3.50839
-10.5344
1.20616
-19.2995
14.6487
19.7055
7.49999
-1.89854
-1.45896
-7.62844
6.26264
4.12775
18.6276
5.46048
17.7634
7.65518
11.2972
9.18577
29.6179
22.8465
8.44532
2.31001
6.69448
-5.07652
9.3397
7.75693
13.8347
21.7608
23.7025
23.2898
18.6995
26.82
1.22528
-0.471977
17.0862
16.2033
-2.9711
-0.524531
-8.09396
-5.80875
5.91489
-0.388797
2.71261
-8.15799
13.538
6.50393
9.27799
-3.29871
34.3015
15.9336
41.1644
9.53498
24.5661
8.44159
18.8855
-11.4762
5.27339
6.57172
-0.683406
1.52232
8.4343
17.17
0.50757
9.1749
7.59984
-7.33863
12.475
-10.2506
-2.21848
-6.74585
-10.799
-24.0893
-19.9419
-14.2894
-12.7502
-2.79704
8.1392
5.77129
4.99437
5.95147
-6.77826
3.33518
11.1633
16.8829
8.94225
14.0091
5.06148
4.75879
-5.20241
-0.957416
-0.222005
13.7981
15.9701
20.3625
9.70184
22.8935
-15.3958
-10.8624
1.10122
6.71519
-2.20462
5.44992
-8.44206
-0.682721
9.38543
12.6228
5.9943
4.93088
7.93458
9.41881
1.73499
-2.05727
23.7239
15.2999
30.5487
9.12939
15.4924
8.2891
8.02296
-13.1514
17.8702
22.7153
12.7398
18.7586
10.7723
22.0321
1.92132
13.3789
3.66198
-7.3267
9.51435
-8.99531
-5.83725
-7.43757
-15.1913
-25.2883
13.0978
15.874
26.0083
22.3785
-16.9848
-2.54712
-2.00894
5.047
2.1632
14.7824
28.4232
25.9418
-44.2312
-16.9768
-27.3916
-16.2135
5.9446
-7.03998
20.714
6.79769
0.222297
7.0669
16.1448
21.0819
2.72288
-4.59129
31.6085
14.6681
-14.932
0.556814
3.62102
8.5078
13.1574
16.0581
6.28652
-5.82039
-22.1898
-1.36045
-19.4674
-14.6213
7.3533
3.97456
13.2979
-13.7829
-38.7258
-21.202
-34.6736
-41.8277
9.4233
-0.421569
4.88327
-14.4948
-0.302133
15.9494
3.83898
9.58159
6.1424
-14.1544
15.1847
-23.3399
-9.9356
-1.16216
-3.69795
-14.128
-30.0067
-14.6038
-15.0144
-5.75134
-36.9172
-10.8756
-21.6103
-2.68424
-28.8425
-3.19374
-0.349963
10.4644
-41.487
-2.22567
-24.1656
-0.714441
-32.8835
-39.2356
-15.017
-22.0347
-16.6186
-4.16418
0.65031
11.4634
-26.493
-26.7717
5.64053
-3.99828
-11.5827
9.91881
8.46742
19.6331
6.13692
19.3833
1.68886
0.193875
-23.1068
7.04565
-19.7122
-5.2769
-2.02411
5.34587
6.49411
-9.57185
-31.4218
-4.172
-26.5467
-23.7086
11.8645
6.37124
10.7627
-3.99768
7.05785
26.6383
12.8864
22.2241
3.74026
-11.802
16.3715
-17.1324
3.15889
15.6641
11.2347
4.80265
2.13182
-9.78057
24.2062
11.8465
-12.3828
-15.3282
8.41374
4.04523
5.32698
-3.89949
49.8848
31.5164
-38.7411
-36.0269
-6.94699
-14.3503
13.8302
-2.62453
22.944
11.5162
8.74328
9.4232
15.6669
20.3981
20.7698
2.8285
53.1338
31.5249
-9.49136
-7.32427
9.19667
6.72046
-15.3659
-17.947
2.96522
-8.6647
-43.2305
-30.5773
-18.6492
-16.0207
-0.380808
-16.3982
39.8998
6.13897
-52.2189
-50.0284
-17.174
-33.7025
-9.70499
-13.8131
-3.86245
-11.5451
-26.8804
-7.58654
-15.6999
-0.956354
3.83501
-17.882
32.3938
-1.59229
-32.9347
-28.276
-10.5237
-19.1098
-26.0163
-25.384
-5.81758
-5.36643
-21.3586
-12.782
-4.18846
3.2312
-12.5142
-8.793
30.3187
25.1642
-26.8321
-12.1929
1.48638
6.27414
-8.87619
-18.7804
-0.622774
-5.23382
4.02444
10.2322
8.33699
18.8621
5.88393
-5.1039
37.5383
23.149
4.18814
12.286
20.4159
24.1366
-6.27474
1.40805
10.5218
9.42192
-32.0355
-10.1412
-10.7395
1.39636
4.56173
-0.788921
43.4585
20.6306
-34.5947
-22.7601
-2.68427
-9.30264
10.0134
10.1749
15.3367
12.1898
-6.24296
16.2978
2.66752
20.9242
16.9182
-0.126171
45.1085
16.0612
-8.35452
-0.0459586
11.9372
7.26708
7.43317
15.6329
19.2609
21.3234
-18.0399
-3.67595
-12.5335
-5.28247
-12.3924
5.54489
11.522
14.6275
-47.0006
-19.9253
-40.8933
-29.6255
-11.5336
-12.6475
10.0778
8.30098
-8.0336
5.18442
6.34423
17.9237
-30.2882
-25.837
4.17662
-0.729645
-31.5442
-9.78731
-15.7986
-4.37493
45.7723
43.5822
36.8445
19.9156
13.7927
24.0341
6.07154
0.598492
30.9908
22.416
33.6157
1.60762
-4.54403
2.28641
-12.1982
-29.7768
19.7815
11.2931
21.1094
3.35655
18.0364
30.1472
19.6588
21.5295
0.881389
-18.1643
14.5287
-22.4759
-0.0396758
4.48763
2.41642
-11.9909
-13.2661
4.31539
-2.65242
9.05805
-24.1511
-1.42807
-21.6094
-5.73317
-28.5782
-0.856154
-5.72708
7.42939
-38.0205
-2.1832
-34.7272
-14.4312
-29.1562
-26.8825
-7.74352
-5.86651
-12.2529
3.32998
0.175472
14.386
-45.8838
-37.6421
-11.4669
-12.3164
-23.1587
1.36605
-9.2118
5.24593
49.2145
54.1253
39.4137
29.852
14.7544
31.074
4.40964
5.28092
24.4909
23.4199
26.3935
2.15548
-2.94658
10.365
-13.0737
-23.9049
31.4858
24.1041
32.956
16.5761
26.0754
38.2702
26.0895
28.3103
0.156994
-17.379
14.0975
-21.1313
6.14855
11.1628
7.14707
-6.50717
-0.849025
-0.960868
10.2128
9.92246
-1.15572
2.20216
0.241581
2.44524
-3.55513
-1.08638
28.7273
22.323
-26.2387
-17.3265
-15.1066
-16.0431
-0.701205
1.09181
5.32477
12.4136
13.0325
26.4629
8.48171
26.2322
-6.30474
-6.10366
21.7086
18.511
-10.5687
4.24356
-4.61787
5.81996
11.6055
10.3108
17.95
7.87529
-3.29309
5.1492
0.914898
-0.39855
20.6031
5.76665
47.6342
15.3232
-11.0925
-13.2181
2.31637
-18.2596
-4.72718
-1.10172
-2.94649
-2.62673
-4.32386
17.2063
-5.59187
11.6569
-3.81667
-17.9054
19.4175
-6.67155
-15.831
-9.04136
-7.13139
-13.3177
-19.1034
-9.9154
-13.2131
-3.93737
-8.82178
2.81325
-14.3467
-3.5997
-19.0879
-6.91627
8.17389
11.7386
-20.6053
-3.01292
-16.2446
-8.23484
-14.7135
-9.61482
-12.8437
-2.18299
8.42369
24.1371
-2.03393
18.2657
-20.0819
-16.1721
3.92616
4.70332
-4.36444
13.1338
-4.16969
9.22022
18.648
24.3723
20.1621
17.3725
-2.73077
11.7078
-5.10388
-0.15494
15.9116
8.49708
38.2631
13.6402
-11.6863
-7.41274
-4.70775
-18.6183
11.7428
16.393
9.70841
11.3191
4.48112
26.0133
-2.35266
15.1643
-1.56715
-14.2282
18.0027
-6.39242
-10.6686
-3.47394
-7.38398
-12.8991
33.9989
42.8548
18.7405
23.3088
40.8513
37.0092
43.5135
34.4079
10.5487
35.5707
-7.19441
4.84544
22.0071
37.3048
10.6987
12.0385
20.7048
20.7934
9.60118
10.8765
10.1294
5.68755
16.034
11.8032
8.98498
21.0671
-3.83659
0.737737
7.3947
17.9202
0.0956347
2.13762
9.61791
23.9927
1.98659
3.47227
11.1825
19.1265
28.9997
23.0789
6.66525
21.0838
-3.98476
-11.1498
18.4157
29.3773
21.7285
10.1306
4.82831
13.4511
1.82385
3.03182
-9.77346
0.586192
11.7584
13.7275
8.41639
12.9104
3.16001
-8.45529
8.37975
17.5844
16.1739
8.29354
11.3505
27.4402
-2.68833
9.37993
19.2983
21.6672
21.4292
18.8009
-10.9689
21.6899
-27.3417
-7.39899
12.1626
34.0743
0.473763
8.69374
3.24089
4.5691
-5.62786
-2.84677
-7.42407
-11.649
-1.03527
-4.78303
-9.83468
3.89005
-20.2706
-13.7876
-0.936636
10.2087
-7.60082
-4.67284
7.82565
27.1533
1.75495
8.45967
-6.58296
5.29116
11.0441
9.31959
-8.45193
11.3225
-17.3906
-18.9337
-2.09681
13.1978
1.17657
-5.82203
13.4059
20.9874
12.9774
13.4102
-18.3539
-10.0583
4.00315
4.17442
1.18255
5.03825
-1.34713
-13.3346
-5.43426
2.10935
3.33588
-5.93942
15.5033
3.66352
-0.596222
-10.7649
36.9731
9.74076
35.4509
8.91386
-3.19882
-6.02951
-12.6492
-22.5033
9.6352
-5.61432
3.27634
-19.9724
20.3932
11.0045
-6.37105
-8.6143
9.50248
-7.11106
-3.59672
-14.0406
9.45302
4.90095
-9.89526
-15.9965
-5.69426
-14.4975
-22.8633
-34.1913
-8.65222
-5.76616
-1.08644
-5.13082
-0.555569
-6.79484
29.1155
14.9701
-0.197305
-4.42446
13.4837
-6.36842
4.8435
-5.53521
29.144
2.16463
-4.71431
3.63818
-7.34119
-0.444805
-27.7167
-20.3218
-9.15044
-4.18741
6.31296
3.37972
10.5681
-2.51579
-15.366
-16.2831
-1.40352
-13.447
13.9807
9.29282
-4.8567
-7.60738
32.5461
11.4429
26.5352
6.3935
-5.38247
-0.65834
-17.42
-19.4531
15.125
6.40754
4.42821
-12.0222
25.2205
16.9895
-3.26636
-4.08575
10.2405
-6.23806
-6.33199
-16.3747
11.1328
8.14132
-9.78735
-14.0618
2.47408
-5.79121
-18.0175
-28.5415
11.8367
19.5937
17.0056
18.0984
-0.039588
-2.43064
25.4839
15.4529
5.1749
6.22165
16.6098
2.29776
0.820627
-5.30692
21.1244
-1.33774
27.3098
34.5391
23.3015
29.3408
-16.8503
-11.6013
-1.41627
1.66696
20.7339
17.0804
23.7583
10.2203
-11.5249
-14.185
-0.543917
-14.0643
-8.41546
17.2346
-3.86857
17.7627
-2.09422
5.3605
11.9866
14.4468
-21.4437
20.2671
-20.6444
8.35313
-3.33998
23.1493
-4.49254
8.3077
-19.1203
4.20968
-2.49376
22.2917
-25.6142
-12.3119
-0.366046
13.4161
-27.0601
8.15809
-13.4144
14.5648
-17.3923
10.772
-6.61067
13.3389
-15.3979
5.25688
-4.19798
3.83649
-15.6064
-6.87974
12.6554
7.78607
-8.01498
12.5782
-1.0966
-1.81821
9.13893
20.7778
21.6335
10.9818
-28.0412
-6.69132
-4.2897
9.91428
-39.8035
-22.2139
0.0977999
9.56569
-20.7595
-3.64368
-0.522701
0.752668
-10.78
5.54924
14.1207
13.6338
-6.63525
23.0037
-4.16463
21.7218
-7.80274
2.6182
2.45104
8.14365
-26.1181
19.9846
-27.2443
6.41131
-4.92522
24.9332
-9.75402
6.68153
-13.3553
7.9694
2.21027
25.2567
-28.5228
-18.2484
-6.08629
4.93406
-30.2362
3.37971
-17.5006
9.14245
-18.6641
6.87523
-10.5434
7.0474
-4.70407
17.6587
4.76063
14.7693
-29.4699
-20.0579
-4.69397
-8.61183
-18.2314
4.47278
-12.8974
-11.2419
-15.0569
-2.32972
-5.8975
-15.1947
-8.17733
8.88645
14.8544
25.0384
-45.6816
-33.4009
-8.25089
-3.82572
-24.2923
-11.0596
-4.62454
-6.96622
-29.477
-18.0536
-6.89602
-12.0227
-14.1474
-2.81594
-20.3714
-7.09998
16.3895
6.83117
16.3562
7.76206
-19.4379
0.79731
-20.2755
-6.79488
9.63979
11.959
3.50708
-1.90408
-6.40524
13.8246
-15.3691
12.275
-3.61612
3.89157
-7.30155
6.64467
-10.5757
14.3854
-13.3864
10.2944
-4.86655
10.3462
-13.8846
-0.927899
-29.2315
-13.6884
-12.7643
-3.88276
-13.3097
-12.3892
16.8762
10.1595
-7.45135
0.873226
13.8683
6.83678
12.5912
9.26702
36.1438
16.4878
-32.8844
-5.42766
-18.685
7.5845
-43.4489
-22.447
-16.443
2.39594
-15.1738
0.891926
4.64488
10.8288
-17.2382
-4.65361
3.90114
5.6282
-3.7529
11.4856
-16.0106
1.434
15.2956
8.62152
7.47784
2.03412
-17.2898
7.25542
-24.0103
-5.95356
10.8774
16.4838
-2.88904
-4.74682
9.13944
27.2821
-4.84279
20.9803
-0.744693
3.65309
-11.1992
-0.096755
-5.76384
17.513
-13.4421
8.82056
-2.1501
10.3556
-17.7865
-7.2706
-8.76803
8.40118
2.0066
12.7804
-21.4031
-19.8792
1.33945
-4.5078
-9.68982
0.663786
6.08799
1.35163
-7.62633
-9.94426
8.63366
-9.74996
-2.08536
21.0033
7.43678
29.6043
-42.3916
-26.7805
-21.8137
-8.09943
-9.56316
2.53739
5.72895
8.21385
-30.7915
-23.1948
-15.9294
-18.9241
43.9784
44.1276
22.9937
14.6421
29.4799
27.3983
25.3369
13.7789
3.87324
18.7111
-8.97471
-11.3321
-5.45783
10.1231
-12.9498
-15.5399
25.449
14.1491
6.80984
-7.51652
13.2867
7.92373
10.577
1.21194
15.0474
14.2635
5.31175
-7.19303
12.4318
20.5587
7.13986
2.57011
21.2424
25.8618
14.0912
1.60846
-0.672487
7.98349
16.5462
7.1242
-2.29212
0.893662
-1.84042
-24.4514
-13.4596
-3.26346
-0.12387
-16.7003
6.17715
2.3627
1.84361
-13.5987
-12.14
-3.75015
6.98406
2.77024
7.15656
-2.26407
11.1926
-18.5504
3.96612
9.72352
19.974
4.43319
25.3842
30.2451
0.977491
-2.39611
14.5748
16.1823
5.25907
-2.3437
-11.276
8.67653
-27.3952
-24.3717
-6.34014
13.3327
-18.8541
-17.0861
12.3405
-0.241867
-8.70532
-24.0479
2.68252
-4.98564
-4.18456
-15.5887
2.89735
1.23402
-9.09421
-22.2123
13.3639
19.5886
4.06531
-2.14049
26.8477
33.8979
16.6156
6.82984
-8.44661
1.61748
3.94041
-3.80729
-7.69754
-1.67797
-10.176
-29.687
-21.6665
-9.65938
-13.0117
-27.5109
22.4535
15.0757
16.0544
-2.68514
-10.4278
-6.62409
4.8799
-3.65384
9.93573
-2.64529
12.057
-20.5803
2.75893
4.3332
15.1012
-4.35652
9.45267
-2.25621
-7.88165
-22.1325
22.1348
5.50065
18.2989
-1.85292
-10.05
-14.2272
-10.1136
-25.5274
-5.44219
-11.5709
-3.49311
-21.8341
3.33886
-8.60074
-26.4695
-35.4768
3.42452
-5.27261
-13.7975
-20.5381
9.5713
0.990833
-2.19953
-16.5422
5.96193
3.5977
-4.70841
-13.8106
-8.67892
-6.71061
3.85858
-5.31664
-11.4985
-8.18813
22.0656
13.2566
-4.95137
-11.5737
24.3229
-2.13755
-10.2652
-12.5718
28.5498
5.42943
-20.7851
-16.0322
-20.2495
-21.1658
-34.9395
-20.6769
-14.2896
-6.67193
3.48798
-4.52231
21.5271
-0.846953
-8.78151
-4.30829
17.8861
7.01988
12.6472
5.56809
-12.0666
-21.4215
25.0186
11.9916
12.0526
-4.22599
-5.20238
-4.34684
-12.4947
-22.6095
9.67265
7.554
2.64233
-11.4225
13.1844
-0.119539
-22.988
-33.0935
11.7746
0.690431
-13.5622
-22.4237
18.5835
9.04166
0.599369
-14.4386
24.0566
19.7082
5.42218
-5.398
19.8704
24.1876
25.3696
18.8094
-0.328245
4.30827
24.4467
17.2301
10.7955
6.925
33.1821
9.73973
-1.31965
-1.89707
28.857
7.73196
19.6007
20.7084
14.1133
9.81787
-13.1176
-3.52301
-0.241467
2.97437
28.5849
17.3322
40.7517
15.4015
8.32928
8.53743
27.3739
12.5088
10.2664
28.4796
1.17518
11.1566
-2.78743
7.69786
-3.42349
-2.14577
-21.5294
11.2672
-23.7466
-7.87642
-22.2392
5.80323
-27.487
-17.3468
0.733811
13.9451
1.91298
12.3667
-5.37105
8.27997
3.35102
13.2688
-8.00035
15.6217
0.819566
12.9896
2.61807
29.6537
7.49511
22.1029
5.22185
17.3911
8.99019
4.32611
-16.4902
-5.78161
3.26129
-3.83921
-10.0896
0.540716
0.018762
-14.8788
-13.8776
-1.73425
0.728092
-13.6322
-11.2897
-1.10705
3.22108
2.04465
-24.7912
-7.90161
4.79044
9.3453
-8.72911
-4.258
12.8884
-2.69405
0.0725738
14.2245
25.2753
18.3979
19.5191
39.1992
3.71015
15.4246
1.57039
12.4998
-7.53417
-5.54614
-16.417
18.2494
-25.2012
-7.19506
-11.4438
17.4457
-25.0095
-13.7559
14.2725
22.9565
9.74926
15.9419
2.08796
10.189
3.35685
7.99075
-1.08845
18.4093
2.17978
10.4916
14.0281
35.9166
11.6027
21.3296
26.7316
38.0868
24.1232
18.9113
-16.9439
-8.07207
-5.31984
-13.9909
-7.17586
3.04337
-3.29345
-18.336
-22.3495
-11.6399
-15.7204
-31.2483
19.6914
23.0658
28.8408
21.1223
-16.9584
-7.89968
5.51122
2.5013
1.16953
-0.764617
17.5765
-4.14511
-2.59916
4.12473
15.6422
1.60294
-15.867
-3.13467
-31.2375
-20.7783
7.85821
10.168
-2.40041
-3.33948
-24.0705
-3.91188
-23.4331
-14.2422
-1.24302
11.4669
-6.97953
-6.21304
-12.721
6.2278
-32.6406
-10.4907
3.02048
19.7145
-12.6995
6.21993
-1.83131
20.3713
-4.97628
11.7329
17.3917
40.3133
6.96062
23.4131
-24.6342
-8.73892
-11.107
-6.08637
-17.6526
-5.91253
8.51455
8.40422
-9.69386
-2.49457
19.3073
6.93739
1.97002
7.98788
32.1253
17.5982
-37.9236
-12.7966
-28.4735
-8.74682
-37.6642
-8.52465
-16.4864
6.27711
-9.07969
3.17886
16.6112
14.7748
0.241286
19.4861
26.1741
30.3483
2.66299
16.7802
-23.3827
-11.2725
17.4935
20.1656
-5.19105
-5.50174
-11.4727
10.4738
-21.3598
-10.1148
13.038
26.5131
-4.9737
-3.17589
11.2604
25.5999
-18.3192
-0.512316
16.9224
27.9844
-10.2082
3.34542
13.7314
31.7277
1.07733
13.8464
33.4529
51.1454
11.7619
23.2515
7.30813
22.3074
10.5012
14.892
-11.6734
-1.85203
2.40888
0.646008
1.8607
8.56698
20.6785
8.08171
-1.8607
2.64141
16.3605
0.583821
4.65548
22.8924
4.78681
17.8895
-22.233
-1.00634
-12.1247
2.99204
10.6252
16.3966
27.148
19.0906
3.37608
15.111
18.3901
15.3205
12.7969
22.3061
-7.92955
0.992368
35.4323
24.7567
23.8188
11.5802
16.7986
37.0383
2.40468
13.3625
35.8165
38.8452
19.0498
11.8209
12.9368
19.0593
3.80576
14.8152
24.5474
18.6528
23.6171
21.6337
8.71103
21.3915
6.67928
15.5521
21.0834
24.7205
15.7666
14.6204
-1.23429
10.0262
-37.1862
-35.1146
25.5055
22.8485
6.19461
-6.62704
25.3118
31.1805
-4.8415
-16.8563
54.0141
48.939
29.016
5.08175
4.92344
15.8125
-18.9611
-11.7866
21.9
27.0391
13.7442
14.1931
18.0525
19.3771
0.733324
-10.3511
41.3707
39.9193
28.2946
13.4583
-20.6012
-8.71383
-27.2833
-15.7171
5.61212
-3.70804
6.29228
-4.3248
-19.4295
3.59131
-19.6283
-5.6232
13.7442
18.5312
9.42188
4.21743
-16.0846
-13.5781
-10.156
-2.49639
-2.08091
-12.6143
10.2977
3.94169
-25.6268
-16.1595
-12.4481
-6.52221
-0.283537
-0.882288
7.85937
2.74348
-8.02958
3.32812
-29.5961
-27.1611
5.21964
1.63705
-1.45659
-14.9376
1.23094
7.59974
-14.3862
-25.6346
27.0205
21.4228
14.8078
-9.38286
7.6902
12.6823
-0.793549
0.750127
9.99129
8.21076
15.4856
9.28095
1.04717
-3.1222
-0.720458
-17.0328
20.2678
12.2997
20.9925
-0.0943481
14.077
-7.71397
-3.07417
-19.4938
48.1673
3.49702
36.7859
-3.48882
18.2143
-0.00324865
16.5296
-5.01116
35.4454
-2.67769
28.0446
-14.3774
36.6713
22.712
16.2959
13.1823
44.8041
16.1332
29.2862
10.4853
28.6127
14.0543
24.4706
12.0633
24.2655
-2.03068
13.4952
-11.6257
-12.8032
-23.636
-29.1416
-43.2046
17.3062
-10.1386
14.2655
-17.3852
20.5381
-2.84356
19.1322
-16.1742
39.3683
2.34832
39.7743
-10.1461
6.35239
6.36657
-12.7382
-10.4798
11.7658
3.33566
5.06082
-2.10093
22.3082
5.601
18.9169
-4.24065
20.8217
-1.35612
18.3302
-11.2737
-1.58522
-21.08
-8.64948
-22.5068
32.0833
-11.3136
29.038
-9.69708
-2.0697
-17.5881
6.48326
-12.0922
25.3174
-11.1292
26.4036
-14.0758
26.5511
8.89385
17.278
10.7326
33.0773
-0.314315
26.911
3.65544
11.3843
-6.46908
18.4952
3.0591
16.0084
-14.6056
14.7403
-14.4321
-0.707183
-11.5247
-6.61764
-20.3992
11.9119
-16.5404
17.5485
-14.8436
13.5567
-9.40673
22.7295
-11.8925
25.4744
-12.1501
34.7084
-15.5503
29.1758
23.2111
21.5286
18.0742
15.9142
0.482343
18.9017
5.0045
23.5678
1.28465
31.7706
3.30324
13.984
-14.7925
21.3358
-14.6006
-20.6401
4.36806
-27.1957
-2.50597
4.69465
4.02076
-1.13456
-3.10267
-16.2692
19.3641
-17.755
8.86529
12.6247
25.5497
0.379439
3.31569
-32.33
-4.26135
-19.3654
13.8591
-13.4074
-2.8531
-0.628627
14.1057
-42.8284
-8.3072
-24.0273
6.95521
-15.9675
4.01318
-8.83798
6.62821
-8.2999
7.9453
-31.055
-23.7299
19.8973
16.7277
5.39655
-7.66879
18.5291
29.2771
0.309774
-6.55676
55.8654
50.1724
34.4147
10.1314
-24.4151
-2.09415
-27.178
-8.30275
-1.36847
9.70538
3.21078
9.86321
-17.645
-4.99381
-15.1054
-14.5944
18.9199
23.2978
17.3159
8.5779
-30.3156
-6.17413
-26.1226
-2.03345
-9.98693
-12.5503
-6.81831
-10.4097
-36.3599
-1.19035
-26.9464
-0.523725
-1.89427
9.54422
-4.99094
-3.27506
-38.8284
-17.6207
-14.0999
12.5297
-26.0968
-23.4261
-3.30487
3.812
-62.2286
-34.1654
-31.5128
-6.72213
-30.9807
-18.4808
-13.6873
-5.43567
-3.31506
9.78249
-14.9806
-10.5369
2.80753
-4.53245
-2.35432
-19.3239
-1.35691
6.64641
-8.33586
-17.6809
24.4826
15.0222
12.5215
-15.263
-11.0679
2.11124
-1.72581
8.27377
-11.2807
-10.3714
3.65281
0.406834
-31.6552
-27.7428
-16.8598
-24.8215
-7.7718
-13.1555
1.12924
-17.1043
-15.332
-15.2469
-28.242
-22.5168
31.056
2.76449
15.5291
-8.09797
-7.83573
-4.28254
-6.54208
-6.04325
28.8696
7.02003
16.0606
-9.81908
-4.30455
10.0594
-12.5139
12.9645
20.7387
14.8938
9.00018
13.294
-15.6461
-1.9865
-8.88497
7.19456
4.09379
0.518257
-4.16001
-6.29131
-24.1679
-23.6389
-37.2393
-39.6716
16.9972
-4.58309
8.83694
-16.6804
12.446
0.320813
13.0443
-10.7367
49.5085
18.2478
43.5322
-0.360126
-27.0223
-9.19908
-34.921
-14.5848
-5.94038
-2.05876
-9.84012
-4.42124
-14.4357
-13.4392
-7.8979
-13.0829
6.92279
-3.04853
5.97377
-11.1548
-19.783
-20.6467
-25.9019
-20.8592
17.5991
-12.6638
7.11258
-18.2197
-24.4938
-21.4863
-16.2583
-16.039
13.7836
-9.63448
6.1657
-21.0163
-4.4132
3.0079
-4.81612
13.9857
10.4394
-3.37112
4.75661
1.35105
-30.4482
-23.3285
-15.7299
-5.92412
-10.3211
-21.4593
-12.3685
-21.7962
-12.8033
-15.5038
-18.7425
-24.1382
2.28752
-23.5451
-0.49126
-29.9948
-2.85202
-17.8038
5.02927
-21.3122
18.714
-16.3961
18.2699
-29.2056
-6.12984
2.46961
-5.88097
5.49763
-12.3071
-18.672
-9.81001
-14.3715
-22.6924
-30.5167
-7.85628
-21.596
-18.0152
-37.83
-12.4166
-39.1226
18.2351
23.5813
1.40991
1.95567
7.75986
3.38861
-1.03118
-11.1786
-0.456064
14.1432
-0.32724
0.776995
-13.9873
-6.13175
-17.3101
-23.9252
11.683
10.9605
4.64379
4.59525
9.94694
7.67477
10.0297
7.45572
2.73743
7.0955
13.4191
9.75651
2.32471
8.1068
8.64257
5.42827
6.68801
12.7368
-19.1562
-26.5094
-1.81134
0.787243
-12.0933
-23.8724
6.61442
5.7939
-2.8097
-25.7267
0.639091
-0.657842
-4.70858
-29.0777
1.11322
4.10867
-14.4729
-19.4051
2.61468
10.3276
1.6786
0.488194
5.5957
-2.45066
7.1965
-17.472
14.0004
13.6453
18.7655
0.812468
-8.73587
-3.53359
-16.1583
-15.4903
-13.0394
-18.5773
-14.1784
-25.2263
-27.9428
-13.0846
-18.2604
-16.631
-24.7245
-17.6326
-20.2444
-27.3571
-10.6101
-17.4706
-7.23113
-13.1516
-7.35925
-16.7923
1.39098
-8.07771
-22.5579
-23.935
-1.30728
-10.4389
-7.40584
-8.38164
7.7302
-1.97583
9.66319
13.2871
-6.4371
-15.949
-9.73295
-10.5819
-12.0218
-26.9823
-5.38177
-8.22418
-4.91122
-29.584
-11.676
-16.0176
-8.87978
-36.0274
13.9517
8.52813
9.12487
-3.96018
3.37155
1.64276
11.444
1.078
0.976337
-15.0861
13.4871
-18.9313
7.87731
-1.51657
21.8016
-4.92402
0.420598
-16.6958
-8.33787
-24.296
13.9634
-15.5649
9.89593
-19.4499
-2.28056
-17.301
15.049
-7.50775
-5.03539
-29.494
5.49929
-27.4713
10.5542
-1.41234
-3.23766
-8.57168
17.9037
1.69288
7.89055
-2.66346
13.6304
-0.412706
26.6932
10.5882
9.06144
-6.25214
14.4173
-3.93404
-19.5966
-26.8035
-21.3358
-35.986
-12.1631
-25.5147
-1.68333
-23.4539
2.97945
-18.2537
26.7943
-10.5767
-0.30478
-24.7089
24.2432
-17.2744
-17.942
-16.9838
-24.2426
-25.2533
-15.4403
-12.4591
-10.4342
-10.3976
5.22173
-12.0189
25.242
-2.66213
1.38493
-10.8589
21.2261
-2.65689
-8.15165
-25.4939
-11.4647
-27.3826
7.56319
-23.2138
7.19033
-23.138
-13.1603
-28.0036
9.76534
-12.3481
-3.16532
-28.4696
11.2148
-22.3353
7.82533
-10.3613
0.494155
-10.7938
16.162
-7.29163
10.8588
-6.67182
6.10747
-13.7527
25.7818
4.12581
13.1036
-9.04985
23.3201
-1.60484
2.9328
-6.78089
6.98005
-9.91075
-4.53025
-21.4114
9.98526
-15.0487
8.74565
-14.5914
38.4977
-0.710997
1.14275
-26.3879
29.8773
-14.5008
15.6161
8.07336
16.1173
6.87178
2.03641
-4.50605
12.0937
2.87268
19.5302
-5.80842
46.503
10.767
10.1899
-11.1747
35.2329
2.49532
-3.65738
18.4576
-14.2235
3.35996
-9.45737
-2.55704
-20.3759
-18.9829
-24.0918
7.1709
-18.9667
-0.930075
-25.7712
-6.74937
-32.4842
-27.6643
-15.6319
6.86172
-8.4871
14.9492
-8.0799
7.36672
-2.19976
13.2139
-32.9626
-5.49378
-9.35972
10.3572
-16.9107
6.48488
-6.05827
8.60974
11.4598
23.7632
-9.09936
-9.92908
6.39381
9.74977
-6.98976
-17.7426
9.55663
14.8854
4.15476
-12.3441
14.1912
13.5464
4.47921
-18.9691
-9.98039
5.71688
-12.3566
-4.31813
-0.432863
14.4847
3.45431
9.73735
-13.9694
-9.41926
-0.421522
-12.2247
9.658
16.4022
17.9835
7.39861
-3.48738
15.2389
-7.94642
6.51439
-11.6997
-9.21086
-18.2619
-21.0142
-32.0228
-3.74595
-20.6399
-5.32297
-25.5366
-10.5234
-27.7426
-26.6651
-11.9837
1.127
2.28352
16.6031
-8.02878
-2.98786
3.22301
8.49709
-39.9018
-21.4131
-9.02584
1.97725
-16.8692
-3.47639
-0.494389
4.43702
29.6335
36.2672
15.5225
9.28921
5.0867
1.75023
-3.59947
-20.7786
5.17368
5.2357
6.3707
-15.1288
0.905342
-6.02903
-3.95855
-33.4301
16.8569
20.8903
21.9442
18.5849
5.73883
7.96977
15.3387
9.20132
-12.1752
-18.886
8.98689
-13.8111
1.36443
-4.17506
15.5534
-7.04899
-21.8151
-15.7856
-34.2442
-26.7876
6.00135
-5.87833
-10.1234
-21.5517
-23.2698
-15.2496
-10.8737
-10.1209
-4.57439
-11.4896
-7.3597
-22.5181
-16.8408
0.78575
-26.3785
-1.8505
9.39503
17.2801
-4.75052
9.06023
-19.1601
-3.71534
-3.10575
10.5458
2.33394
11.0109
2.29459
8.20272
-23.4951
-18.0703
-29.879
-31.6286
-3.02996
-9.24707
-5.58149
-19.9487
0.241038
-8.46575
18.1484
-6.42738
17.1651
-0.209848
27.419
-6.80061
-37.443
-17.4058
-40.4634
-22.1263
-17.2969
-0.733949
-17.3972
-3.51007
-19.761
-18.028
2.2766
-6.38503
1.22324
2.4558
14.6952
4.55738
-15.7578
-13.199
-26.0373
-21.7852
5.64664
-10.7265
-10.0792
-25.7348
-27.1053
-22.1529
-12.4088
-14.4577
-4.24405
-15.2498
-6.47973
-25.4625
-6.13985
2.0218
-12.5126
2.81665
12.4992
9.89658
-0.232189
3.35707
-20.8384
-14.4556
-1.46837
3.38742
3.63665
2.22895
5.16226
1.25185
1.72128
1.39447
-2.17193
-9.40701
-1.29407
-14.2856
-3.10564
-23.9811
1.10902
-12.9465
21.6578
-8.00049
5.13042
-18.616
16.2751
-24.0499
-2.39751
5.89384
-1.91193
4.94547
-6.91677
-3.12239
-5.26177
-3.87706
-11.5504
-21.1603
14.1439
-5.59442
-4.6537
-15.7867
10.7243
-11.513
11.513
-10.7243
15.7867
4.6537
5.59442
-14.1439
21.1603
11.5504
3.87706
5.26177
3.12239
6.91677
-4.94547
1.91193
-5.89384
2.39751
24.0499
-16.2751
18.616
-5.13042
8.00049
-21.6578
12.9465
-1.10902
23.9811
3.10564
14.2856
1.29407
9.40701
2.17193
-1.39447
-1.72128
-1.25185
-5.16226
-2.22895
-3.63665
-3.38742
1.46837
14.4556
20.8384
-3.35707
0.232189
-9.89658
-12.4992
-2.81665
12.5126
-2.0218
6.13985
25.4625
6.47973
15.2498
4.24405
14.4577
12.4088
22.1529
27.1053
25.7348
10.0792
10.7265
-5.64664
21.7852
26.0373
13.199
15.7578
-4.55738
-14.6952
-2.4558
-1.22324
6.38503
-2.2766
18.028
19.761
3.51007
17.3972
0.733949
17.2969
22.1263
40.4634
17.4058
37.443
6.80061
-27.419
0.209848
-17.1651
6.42738
-18.1484
8.46575
-0.241038
19.9487
5.58149
9.24707
3.02996
31.6286
29.879
18.0703
23.4951
-8.20272
-2.29459
-11.0109
-2.33394
-10.5458
3.10575
3.71534
19.1601
-9.06023
4.75052
-17.2801
-9.39503
1.8505
26.3785
-0.78575
16.8408
22.5181
7.3597
11.4896
4.57439
10.1209
10.8737
15.2496
23.2698
21.5517
10.1234
5.87833
-6.00135
26.7876
34.2442
15.7856
21.8151
7.04899
-15.5534
4.17506
-1.36443
13.8111
-8.98689
18.886
12.1752
-9.20132
-15.3387
-7.96977
-5.73883
-18.5849
-21.9442
-20.8903
-16.8569
33.4301
3.95855
6.02903
-0.905342
15.1288
-6.3707
-5.2357
-5.17368
20.7786
3.59947
-1.75023
-5.0867
-9.28921
-15.5225
-36.2672
-29.6335
-4.43702
0.494389
3.47639
16.8692
-1.97725
9.02584
21.4131
39.9018
-8.49709
-3.22301
2.98786
8.02878
-16.6031
-2.28352
-1.127
11.9837
26.6651
27.7426
10.5234
25.5366
5.32297
20.6399
3.74595
32.0228
21.0142
18.2619
9.21086
11.6997
-6.51439
7.94642
-15.2389
3.48738
-7.39861
-17.9835
-16.4022
-9.658
12.2247
0.421522
9.41926
13.9694
-9.73735
-3.45431
-14.4847
0.432863
4.31813
12.3566
-5.71688
9.98039
18.9691
-4.47921
-13.5464
-14.1912
12.3441
-4.15476
-14.8854
-9.55663
17.7426
6.98976
-9.74977
-6.39381
9.92908
9.09936
-23.7632
-11.4598
-8.60974
6.05827
-6.48488
16.9107
-10.3572
9.35972
5.49378
32.9626
-13.2139
2.19976
-7.36672
8.0799
-14.9492
8.4871
-6.86172
15.6319
27.6643
32.4842
6.74937
25.7712
0.930075
18.9667
-7.1709
24.0918
18.9829
20.3759
2.55704
9.45737
-3.35996
14.2235
-18.4576
3.65738
-2.49532
-35.2329
11.1747
-10.1899
-10.767
-46.503
5.80842
-19.5302
-2.87268
-12.0937
4.50605
-2.03641
-6.87178
-16.1173
-8.07336
-15.6161
14.5008
-29.8773
26.3879
-1.14275
0.710997
-38.4977
14.5914
-8.74565
15.0487
-9.98526
21.4114
4.53025
9.91075
-6.98005
6.78089
-2.9328
1.60484
-23.3201
9.04985
-13.1036
-4.12581
-25.7818
13.7527
-6.10747
6.67182
-10.8588
7.29163
-16.162
10.7938
-0.494155
10.3613
-7.82533
22.3353
-11.2148
28.4696
3.16532
12.3481
-9.76534
28.0036
13.1603
23.138
-7.19033
23.2138
-7.56319
27.3826
11.4647
25.4939
8.15165
2.65689
-21.2261
10.8589
-1.38493
2.66213
-25.242
12.0189
-5.22173
10.3976
10.4342
12.4591
15.4403
25.2533
24.2426
16.9838
17.942
17.2744
-24.2432
24.7089
0.30478
10.5767
-26.7943
18.2537
-2.97945
23.4539
1.68333
25.5147
12.1631
35.986
21.3358
26.8035
19.5966
3.93404
-14.4173
6.25214
-9.06144
-10.5882
-26.6932
0.412706
-13.6304
2.66346
-7.89055
-1.69288
-17.9037
8.57168
3.23766
1.41234
-10.5542
27.4713
-5.49929
29.494
5.03539
7.50775
-15.049
17.301
2.28056
19.4499
-9.89593
15.5649
-13.9634
24.296
8.33787
16.6958
-0.420598
4.92402
-21.8016
1.51657
-7.87731
18.9313
-13.4871
15.0861
-0.976337
-1.078
-11.444
-1.64276
-3.37155
3.96018
-9.12487
-8.52813
-13.9517
36.0274
8.87978
16.0176
11.676
29.584
4.91122
8.22418
5.38177
26.9823
12.0218
10.5819
9.73295
15.949
6.4371
-13.2871
-9.66319
1.97583
-7.7302
8.38164
7.40584
10.4389
1.30728
23.935
22.5579
8.07771
-1.39098
16.7923
7.35925
13.1516
7.23113
17.4706
10.6101
27.3571
20.2444
17.6326
24.7245
16.631
18.2604
13.0846
27.9428
25.2263
14.1784
18.5773
13.0394
15.4903
16.1583
3.53359
8.73587
-0.812468
-18.7655
-13.6453
-14.0004
17.472
-7.1965
2.45066
-5.5957
-0.488194
-1.6786
-10.3276
-2.61468
19.4051
14.4729
-4.10867
-1.11322
29.0777
4.70858
0.657842
-0.639091
25.7267
2.8097
-5.7939
-6.61442
23.8724
12.0933
-0.787243
1.81134
26.5094
19.1562
-12.7368
-6.68801
-5.42827
-8.64257
-8.1068
-2.32471
-9.75651
-13.4191
-7.0955
-2.73743
-7.45572
-10.0297
-7.67477
-9.94694
-4.59525
-4.64379
-10.9605
-11.683
23.9252
17.3101
6.13175
13.9873
-0.776995
0.32724
-14.1432
0.456064
11.1786
1.03118
-3.38861
-7.75986
-1.95567
-1.40991
-23.5813
-18.2351
39.1226
12.4166
37.83
18.0152
21.596
7.85628
30.5167
22.6924
14.3715
9.81001
18.672
12.3071
-5.49763
5.88097
-2.46961
6.12984
29.2056
-18.2699
16.3961
-18.714
21.3122
-5.02927
17.8038
2.85202
29.9948
0.49126
23.5451
-2.28752
24.1382
18.7425
15.5038
12.8033
21.7962
12.3685
21.4593
10.3211
5.92412
15.7299
23.3285
30.4482
-1.35105
-4.75661
3.37112
-10.4394
-13.9857
4.81612
-3.0079
4.4132
21.0163
-6.1657
9.63448
-13.7836
16.039
16.2583
21.4863
24.4938
18.2197
-7.11258
12.6638
-17.5991
20.8592
25.9019
20.6467
19.783
11.1548
-5.97377
3.04853
-6.92279
13.0829
7.8979
13.4392
14.4357
4.42124
9.84012
2.05876
5.94038
14.5848
34.921
9.19908
27.0223
0.360126
-43.5322
-18.2478
-49.5085
10.7367
-13.0443
-0.320813
-12.446
16.6804
-8.83694
4.58309
-16.9972
39.6716
37.2393
23.6389
24.1679
6.29131
4.16001
-0.518257
-4.09379
-7.19456
8.88497
1.9865
15.6461
-13.294
-9.00018
-14.8938
-20.7387
-12.9645
12.5139
-10.0594
4.30455
9.81908
-16.0606
-7.02003
-28.8696
6.04325
6.54208
4.28254
7.83573
8.09797
-15.5291
-2.76449
-31.056
22.5168
28.242
15.2469
15.332
17.1043
-1.12924
13.1555
7.7718
24.8215
16.8598
27.7428
31.6552
-0.406834
-3.65281
10.3714
11.2807
-8.27377
1.72581
-2.11124
11.0679
15.263
-12.5215
-15.0222
-24.4826
17.6809
8.33586
-6.64641
1.35691
19.3239
2.35432
4.53245
-2.80753
10.5369
14.9806
-9.78249
3.31506
5.43567
13.6873
18.4808
30.9807
6.72213
31.5128
34.1654
62.2286
-3.812
3.30487
23.4261
26.0968
-12.5297
14.0999
17.6207
38.8284
3.27506
4.99094
-9.54422
1.89427
0.523725
26.9464
1.19035
36.3599
10.4097
6.81831
12.5503
9.98693
2.03345
26.1226
6.17413
30.3156
-8.5779
-17.3159
-23.2978
-18.9199
14.5944
15.1054
4.99381
17.645
-9.86321
-3.21078
-9.70538
1.36847
8.30275
27.178
2.09415
24.4151
-10.1314
-34.4147
-50.1724
-55.8654
6.55676
-0.309774
-29.2771
-18.5291
7.66879
-5.39655
-16.7277
-19.8973
23.7299
31.055
-7.9453
8.2999
-6.62821
8.83798
-4.01318
15.9675
-6.95521
24.0273
8.3072
42.8284
-14.1057
0.628627
2.8531
13.4074
-13.8591
19.3654
4.26135
32.33
-3.31569
-0.379439
-25.5497
-12.6247
-8.86529
17.755
-19.3641
16.2692
3.10267
1.13456
-4.02076
-4.69465
2.50597
27.1957
-4.36806
20.6401
14.6006
-21.3358
14.7925
-13.984
-3.30324
-31.7706
-1.28465
-23.5678
-5.0045
-18.9017
-0.482343
-15.9142
-18.0742
-21.5286
-23.2111
-29.1758
15.5503
-34.7084
12.1501
-25.4744
11.8925
-22.7295
9.40673
-13.5567
14.8436
-17.5485
16.5404
-11.9119
20.3992
6.61764
11.5247
0.707183
14.4321
-14.7403
14.6056
-16.0084
-3.0591
-18.4952
6.46908
-11.3843
-3.65544
-26.911
0.314315
-33.0773
-10.7326
-17.278
-8.89385
-26.5511
14.0758
-26.4036
11.1292
-25.3174
12.0922
-6.48326
17.5881
2.0697
9.69708
-29.038
11.3136
-32.0833
22.5068
8.64948
21.08
1.58522
11.2737
-18.3302
1.35612
-20.8217
4.24065
-18.9169
-5.601
-22.3082
2.10093
-5.06082
-3.33566
-11.7658
10.4798
12.7382
-6.36657
-6.35239
10.1461
-39.7743
-2.34832
-39.3683
16.1742
-19.1322
2.84356
-20.5381
17.3852
-14.2655
10.1386
-17.3062
43.2046
29.1416
23.636
12.8032
11.6257
-13.4952
2.03068
-24.2655
-12.0633
-24.4706
-14.0543
-28.6127
-10.4853
-29.2862
-16.1332
-44.8041
-13.1823
-16.2959
-22.712
-36.6713
14.3774
-28.0446
2.67769
-35.4454
5.01116
-16.5296
0.00324865
-18.2143
3.48882
-36.7859
-3.49702
-48.1673
19.4938
3.07417
7.71397
-14.077
0.0943481
-20.9925
-12.2997
-20.2678
17.0328
0.720458
3.1222
-1.04717
-9.28095
-15.4856
-8.21076
-9.99129
-0.750127
0.793549
-12.6823
-7.6902
9.38286
-14.8078
-21.4228
-27.0205
25.6346
14.3862
-7.59974
-1.23094
14.9376
1.45659
-1.63705
-5.21964
27.1611
29.5961
-3.32812
8.02958
-2.74348
-7.85937
0.882288
0.283537
6.52221
12.4481
16.1595
25.6268
-3.94169
-10.2977
12.6143
2.08091
2.49639
10.156
13.5781
16.0846
-4.21743
-9.42188
-18.5312
-13.7442
5.6232
19.6283
-3.59131
19.4295
4.3248
-6.29228
3.70804
-5.61212
15.7171
27.2833
8.71383
20.6012
-13.4583
-28.2946
-39.9193
-41.3707
10.3511
-0.733324
-19.3771
-18.0525
-14.1931
-13.7442
-27.0391
-21.9
11.7866
18.9611
-15.8125
-4.92344
-5.08175
-29.016
-48.939
-54.0141
16.8563
4.8415
-31.1805
-25.3118
6.62704
-6.19461
-22.8485
-25.5055
35.1146
37.1862
-10.0262
1.23429
-14.6204
-15.7666
-24.7205
-21.0834
-15.5521
-6.67928
-21.3915
-8.71103
-21.6337
-23.6171
-18.6528
-24.5474
-14.8152
-3.80576
-19.0593
-12.9368
-11.8209
-19.0498
-38.8452
-35.8165
-13.3625
-2.40468
-37.0383
-16.7986
-11.5802
-23.8188
-24.7567
-35.4323
-0.992368
7.92955
-22.3061
-12.7969
-15.3205
-18.3901
-15.111
-3.37608
-19.0906
-27.148
-16.3966
-10.6252
-2.99204
12.1247
1.00634
22.233
-17.8895
-4.78681
-22.8924
-4.65548
-0.583821
-16.3605
-2.64141
1.8607
-8.08171
-20.6785
-8.56698
-1.8607
-0.646008
-2.40888
1.85203
11.6734
-14.892
-10.5012
-22.3074
-7.30813
-23.2515
-11.7619
-51.1454
-33.4529
-13.8464
-1.07733
-31.7277
-13.7314
-3.34542
10.2082
-27.9844
-16.9224
0.512316
18.3192
-25.5999
-11.2604
3.17589
4.9737
-26.5131
-13.038
10.1148
21.3598
-10.4738
11.4727
5.50174
5.19105
-20.1656
-17.4935
11.2725
23.3827
-16.7802
-2.66299
-30.3483
-26.1741
-19.4861
-0.241286
-14.7748
-16.6112
-3.17886
9.07969
-6.27711
16.4864
8.52465
37.6642
8.74682
28.4735
12.7966
37.9236
-17.5982
-32.1253
-7.98788
-1.97002
-6.93739
-19.3073
2.49457
9.69386
-8.40422
-8.51455
5.91253
17.6526
6.08637
11.107
8.73892
24.6342
-23.4131
-6.96062
-40.3133
-17.3917
-11.7329
4.97628
-20.3713
1.83131
-6.21993
12.6995
-19.7145
-3.02048
10.4907
32.6406
-6.2278
12.721
6.21304
6.97953
-11.4669
1.24302
14.2422
23.4331
3.91188
24.0705
3.33948
2.40041
-10.168
-7.85821
20.7783
31.2375
3.13467
15.867
-1.60294
-15.6422
-4.12473
2.59916
4.14511
-17.5765
0.764617
-1.16953
-2.5013
-5.51122
7.89968
16.9584
-21.1223
-28.8408
-23.0658
-19.6914
31.2483
15.7204
11.6399
22.3495
18.336
3.29345
-3.04337
7.17586
13.9909
5.31984
8.07207
16.9439
-18.9113
-24.1232
-38.0868
-26.7316
-21.3296
-11.6027
-35.9166
-14.0281
-10.4916
-2.17978
-18.4093
1.08845
-7.99075
-3.35685
-10.189
-2.08796
-15.9419
-9.74926
-22.9565
-14.2725
13.7559
25.0095
-17.4457
11.4438
7.19506
25.2012
-18.2494
16.417
5.54614
7.53417
-12.4998
-1.57039
-15.4246
-3.71015
-39.1992
-19.5191
-18.3979
-25.2753
-14.2245
-0.0725738
2.69405
-12.8884
4.258
8.72911
-9.3453
-4.79044
7.90161
24.7912
-2.04465
-3.22108
1.10705
11.2897
13.6322
-0.728092
1.73425
13.8776
14.8788
-0.018762
-0.540716
10.0896
3.83921
-3.26129
5.78161
16.4902
-4.32611
-8.99019
-17.3911
-5.22185
-22.1029
-7.49511
-29.6537
-2.61807
-12.9896
-0.819566
-15.6217
8.00035
-13.2688
-3.35102
-8.27997
5.37105
-12.3667
-1.91298
-13.9451
-0.733811
17.3468
27.487
-5.80323
22.2392
7.87642
23.7466
-11.2672
21.5294
2.14577
3.42349
-7.69786
2.78743
-11.1566
-1.17518
-28.4796
-10.2664
-12.5088
-27.3739
-8.53743
-8.32928
-15.4015
-40.7517
-17.3322
-28.5849
-2.97437
0.241467
3.52301
13.1176
-9.81787
-14.1133
-20.7084
-19.6007
-7.73196
-28.857
1.89707
1.31965
-9.73973
-33.1821
-6.925
-10.7955
-17.2301
-24.4467
-4.30827
0.328245
-18.8094
-25.3696
-24.1876
-19.8704
5.398
-5.42218
-19.7082
-24.0566
14.4386
-0.599369
-9.04166
-18.5835
22.4237
13.5622
-0.690431
-11.7746
33.0935
22.988
0.119539
-13.1844
11.4225
-2.64233
-7.554
-9.67265
22.6095
12.4947
4.34684
5.20238
4.22599
-12.0526
-11.9916
-25.0186
21.4215
12.0666
-5.56809
-12.6472
-7.01988
-17.8861
4.30829
8.78151
0.846953
-21.5271
4.52231
-3.48798
6.67193
14.2896
20.6769
34.9395
21.1658
20.2495
16.0322
20.7851
-5.42943
-28.5498
12.5718
10.2652
2.13755
-24.3229
11.5737
4.95137
-13.2566
-22.0656
8.18813
11.4985
5.31664
-3.85858
6.71061
8.67892
13.8106
4.70841
-3.5977
-5.96193
16.5422
2.19953
-0.990833
-9.5713
20.5381
13.7975
5.27261
-3.42452
35.4768
26.4695
8.60074
-3.33886
21.8341
3.49311
11.5709
5.44219
25.5274
10.1136
14.2272
10.05
1.85292
-18.2989
-5.50065
-22.1348
22.1325
7.88165
2.25621
-9.45267
4.35652
-15.1012
-4.3332
-2.75893
20.5803
-12.057
2.64529
-9.93573
3.65384
-4.8799
6.62409
10.4278
2.68514
-16.0544
-15.0757
-22.4535
27.5109
13.0117
9.65938
21.6665
29.687
10.176
1.67797
7.69754
3.80729
-3.94041
-1.61748
8.44661
-6.82984
-16.6156
-33.8979
-26.8477
2.14049
-4.06531
-19.5886
-13.3639
22.2123
9.09421
-1.23402
-2.89735
15.5887
4.18456
4.98564
-2.68252
24.0479
8.70532
0.241867
-12.3405
17.0861
18.8541
-13.3327
6.34014
24.3717
27.3952
-8.67653
11.276
2.3437
-5.25907
-16.1823
-14.5748
2.39611
-0.977491
-30.2451
-25.3842
-4.43319
-19.974
-9.72352
-3.96612
18.5504
-11.1926
2.26407
-7.15656
-2.77024
-6.98406
3.75015
12.14
13.5987
-1.84361
-2.3627
-6.17715
16.7003
0.12387
3.26346
13.4596
24.4514
1.84042
-0.893662
2.29212
-7.1242
-16.5462
-7.98349
0.672487
-1.60846
-14.0912
-25.8618
-21.2424
-2.57011
-7.13986
-20.5587
-12.4318
7.19303
-5.31175
-14.2635
-15.0474
-1.21194
-10.577
-7.92373
-13.2867
7.51652
-6.80984
-14.1491
-25.449
15.5399
12.9498
-10.1231
5.45783
11.3321
8.97471
-18.7111
-3.87324
-13.7789
-25.3369
-27.3983
-29.4799
-14.6421
-22.9937
-44.1276
-43.9784
18.9241
15.9294
23.1948
30.7915
-8.21385
-5.72895
-2.53739
9.56316
8.09943
21.8137
26.7805
42.3916
-29.6043
-7.43678
-21.0033
2.08536
9.74996
-8.63366
9.94426
7.62633
-1.35163
-6.08799
-0.663786
9.68982
4.5078
-1.33945
19.8792
21.4031
-12.7804
-2.0066
-8.40118
8.76803
7.2706
17.7865
-10.3556
2.1501
-8.82056
13.4421
-17.513
5.76384
0.096755
11.1992
-3.65309
0.744693
-20.9803
4.84279
-27.2821
-9.13944
4.74682
2.88904
-16.4838
-10.8774
5.95356
24.0103
-7.25542
17.2898
-2.03412
-7.47784
-8.62152
-15.2956
-1.434
16.0106
-11.4856
3.7529
-5.6282
-3.90114
4.65361
17.2382
-10.8288
-4.64488
-0.891926
15.1738
-2.39594
16.443
22.447
43.4489
-7.5845
18.685
5.42766
32.8844
-16.4878
-36.1438
-9.26702
-12.5912
-6.83678
-13.8683
-0.873226
7.45135
-10.1595
-16.8762
12.3892
13.3097
3.88276
12.7643
13.6884
29.2315
0.927899
13.8846
-10.3462
4.86655
-10.2944
13.3864
-14.3854
10.5757
-6.64467
7.30155
-3.89157
3.61612
-12.275
15.3691
-13.8246
6.40524
1.90408
-3.50708
-11.959
-9.63979
6.79488
20.2755
-0.79731
19.4379
-7.76206
-16.3562
-6.83117
-16.3895
7.09998
20.3714
2.81594
14.1474
12.0227
6.89602
18.0536
29.477
6.96622
4.62454
11.0596
24.2923
3.82572
8.25089
33.4009
45.6816
-25.0384
-14.8544
-8.88645
8.17733
15.1947
5.8975
2.32972
15.0569
11.2419
12.8974
-4.47278
18.2314
8.61183
4.69397
20.0579
29.4699
-14.7693
-4.76063
-17.6587
4.70407
-7.0474
10.5434
-6.87523
18.6641
-9.14245
17.5006
-3.37971
30.2362
-4.93406
6.08629
18.2484
28.5228
-25.2567
-2.21027
-7.9694
13.3553
-6.68153
9.75402
-24.9332
4.92522
-6.41131
27.2443
-19.9846
26.1181
-8.14365
-2.45104
-2.6182
7.80274
-21.7218
4.16463
-23.0037
6.63525
-13.6338
-14.1207
-5.54924
10.78
-0.752668
0.522701
3.64368
20.7595
-9.56569
-0.0977999
22.2139
39.8035
-9.91428
4.2897
6.69132
28.0412
-10.9818
-21.6335
-20.7778
-9.13893
1.81821
1.0966
-12.5782
8.01498
-7.78607
-12.6554
6.87974
15.6064
-3.83649
4.19798
-5.25688
15.3979
-13.3389
6.61067
-10.772
17.3923
-14.5648
13.4144
-8.15809
27.0601
-13.4161
0.366046
12.3119
25.6142
-22.2917
2.49376
-4.20968
19.1203
-8.3077
4.49254
-23.1493
3.33998
-8.35313
20.6444
-20.2671
21.4437
-14.4468
-11.9866
-5.3605
2.09422
-17.7627
3.86857
-17.2346
8.41546
14.0643
0.543917
14.185
11.5249
-10.2203
-23.7583
-17.0804
-20.7339
-1.66696
1.41627
11.6013
16.8503
-29.3408
-23.3015
-34.5391
-27.3098
1.33774
-21.1244
5.30692
-0.820627
-2.29776
-16.6098
-6.22165
-5.1749
-15.4529
-25.4839
2.43064
0.039588
-18.0984
-17.0056
-19.5937
-11.8367
28.5415
18.0175
5.79121
-2.47408
14.0618
9.78735
-8.14132
-11.1328
16.3747
6.33199
6.23806
-10.2405
4.08575
3.26636
-16.9895
-25.2205
12.0222
-4.42821
-6.40754
-15.125
19.4531
17.42
0.65834
5.38247
-6.3935
-26.5352
-11.4429
-32.5461
7.60738
4.8567
-9.29282
-13.9807
13.447
1.40352
16.2831
15.366
2.51579
-10.5681
-3.37972
-6.31296
4.18741
9.15044
20.3218
27.7167
0.444805
7.34119
-3.63818
4.71431
-2.16463
-29.144
5.53521
-4.8435
6.36842
-13.4837
4.42446
0.197305
-14.9701
-29.1155
6.79484
0.555569
5.13082
1.08644
5.76616
8.65222
34.1913
22.8633
14.4975
5.69426
15.9965
9.89526
-4.90095
-9.45302
14.0406
3.59672
7.11106
-9.50248
8.6143
6.37105
-11.0045
-20.3932
19.9724
-3.27634
5.61432
-9.6352
22.5033
12.6492
6.02951
3.19882
-8.91386
-35.4509
-9.74076
-36.9731
10.7649
0.596222
-3.66352
-15.5033
5.93942
-3.33588
-2.10935
5.43426
13.3346
1.34713
-5.03825
-1.18255
-4.17442
-4.00315
10.0583
18.3539
-13.4102
-12.9774
-20.9874
-13.4059
5.82203
-1.17657
-13.1978
2.09681
18.9337
17.3906
-11.3225
8.45193
-9.31959
-11.0441
-5.29116
6.58296
-8.45967
-1.75495
-27.1533
-7.82565
4.67284
7.60082
-10.2087
0.936636
13.7876
20.2706
-3.89005
9.83468
4.78303
1.03527
11.649
7.42407
2.84677
5.62786
-4.5691
-3.24089
-8.69374
-0.473763
-34.0743
-12.1626
7.39899
27.3417
-21.6899
10.9689
-18.8009
-21.4292
-21.6672
-19.2983
-9.37993
2.68833
-27.4402
-11.3505
-8.29354
-16.1739
-17.5844
-8.37975
8.45529
-3.16001
-12.9104
-8.41639
-13.7275
-11.7584
-0.586192
9.77346
-3.03182
-1.82385
-13.4511
-4.82831
-10.1306
-21.7285
-29.3773
-18.4157
11.1498
3.98476
-21.0838
-6.66525
-23.0789
-28.9997
-19.1265
-11.1825
-3.47227
-1.98659
-23.9927
-9.61791
-2.13762
-0.0956347
-17.9202
-7.3947
-0.737737
3.83659
-21.0671
-8.98498
-11.8032
-16.034
-5.68755
-10.1294
-10.8765
-9.60118
-20.7934
-20.7048
-12.0385
-10.6987
-37.3048
-22.0071
-4.84544
7.19441
-35.5707
-10.5487
-34.4079
-43.5135
-37.0092
-40.8513
-23.3088
-18.7405
-42.8548
-33.9989
12.8991
7.38398
3.47394
10.6686
6.39242
-18.0027
14.2282
1.56715
-15.1643
2.35266
-26.0133
-4.48112
-11.3191
-9.70841
-16.393
-11.7428
18.6183
4.70775
7.41274
11.6863
-13.6402
-38.2631
-8.49708
-15.9116
0.15494
5.10388
-11.7078
2.73077
-17.3725
-20.1621
-24.3723
-18.648
-9.22022
4.16969
-13.1338
4.36444
-4.70332
-3.92616
16.1721
20.0819
-18.2657
2.03393
-24.1371
-8.42369
2.18299
12.8437
9.61482
14.7135
8.23484
16.2446
3.01292
20.6053
-11.7386
-8.17389
6.91627
19.0879
3.5997
14.3467
-2.81325
8.82178
3.93737
13.2131
9.9154
19.1034
13.3177
7.13139
9.04136
15.831
6.67155
-19.4175
17.9054
3.81667
-11.6569
5.59187
-17.2063
4.32386
2.62673
2.94649
1.10172
4.72718
18.2596
-2.31637
13.2181
11.0925
-15.3232
-47.6342
-5.76665
-20.6031
0.39855
-0.914898
-5.1492
3.29309
-7.87529
-17.95
-10.3108
-11.6055
-5.81996
4.61787
-4.24356
10.5687
-18.511
-21.7086
6.10366
6.30474
-26.2322
-8.48171
-26.4629
-13.0325
-12.4136
-5.32477
-1.09181
0.701205
16.0431
15.1066
17.3265
26.2387
-22.323
-28.7273
1.08638
3.55513
-2.44524
-0.241581
-2.20216
1.15572
-9.92246
-10.2128
0.960868
0.849025
6.50717
-7.14707
-11.1628
-6.14855
21.1313
-14.0975
17.379
-0.156994
-28.3103
-26.0895
-38.2702
-26.0754
-16.5761
-32.956
-24.1041
-31.4858
23.9049
13.0737
-10.365
2.94658
-2.15548
-26.3935
-23.4199
-24.4909
-5.28092
-4.40964
-31.074
-14.7544
-29.852
-39.4137
-54.1253
-49.2145
-5.24593
9.2118
-1.36605
23.1587
12.3164
11.4669
37.6421
45.8838
-14.386
-0.175472
-3.32998
12.2529
5.86651
7.74352
26.8825
29.1562
14.4312
34.7272
2.1832
38.0205
-7.42939
5.72708
0.856154
28.5782
5.73317
21.6094
1.42807
24.1511
-9.05805
2.65242
-4.31539
13.2661
11.9909
-2.41642
-4.48763
0.0396758
22.4759
-14.5287
18.1643
-0.881389
-21.5295
-19.6588
-30.1472
-18.0364
-3.35655
-21.1094
-11.2931
-19.7815
29.7768
12.1982
-2.28641
4.54403
-1.60762
-33.6157
-22.416
-30.9908
-0.598492
-6.07154
-24.0341
-13.7927
-19.9156
-36.8445
-43.5822
-45.7723
4.37493
15.7986
9.78731
31.5442
0.729645
-4.17662
25.837
30.2882
-17.9237
-6.34423
-5.18442
8.0336
-8.30098
-10.0778
12.6475
11.5336
29.6255
40.8933
19.9253
47.0006
-14.6275
-11.522
-5.54489
12.3924
5.28247
12.5335
3.67595
18.0399
-21.3234
-19.2609
-15.6329
-7.43317
-7.26708
-11.9372
0.0459586
8.35452
-16.0612
-45.1085
0.126171
-16.9182
-20.9242
-2.66752
-16.2978
6.24296
-12.1898
-15.3367
-10.1749
-10.0134
9.30264
2.68427
22.7601
34.5947
-20.6306
-43.4585
0.788921
-4.56173
-1.39636
10.7395
10.1412
32.0355
-9.42192
-10.5218
-1.40805
6.27474
-24.1366
-20.4159
-12.286
-4.18814
-23.149
-37.5383
5.1039
-5.88393
-18.8621
-8.33699
-10.2322
-4.02444
5.23382
0.622774
18.7804
8.87619
-6.27414
-1.48638
12.1929
26.8321
-25.1642
-30.3187
8.793
12.5142
-3.2312
4.18846
12.782
21.3586
5.36643
5.81758
25.384
26.0163
19.1098
10.5237
28.276
32.9347
1.59229
-32.3938
17.882
-3.83501
0.956354
15.6999
7.58654
26.8804
11.5451
3.86245
13.8131
9.70499
33.7025
17.174
50.0284
52.2189
-6.13897
-39.8998
16.3982
0.380808
16.0207
18.6492
30.5773
43.2305
8.6647
-2.96522
17.947
15.3659
-6.72046
-9.19667
7.32427
9.49136
-31.5249
-53.1338
-2.8285
-20.7698
-20.3981
-15.6669
-9.4232
-8.74328
-11.5162
-22.944
2.62453
-13.8302
14.3503
6.94699
36.0269
38.7411
-31.5164
-49.8848
3.89949
-5.32698
-4.04523
-8.41374
15.3282
12.3828
-11.8465
-24.2062
9.78057
-2.13182
-4.80265
-11.2347
-15.6641
-3.15889
17.1324
-16.3715
11.802
-3.74026
-22.2241
-12.8864
-26.6383
-7.05785
3.99768
-10.7627
-6.37124
-11.8645
23.7086
26.5467
4.172
31.4218
9.57185
-6.49411
-5.34587
2.02411
5.2769
19.7122
-7.04565
23.1068
-0.193875
-1.68886
-19.3833
-6.13692
-19.6331
-8.46742
-9.91881
11.5827
3.99828
-5.64053
26.7717
26.493
-11.4634
-0.65031
4.16418
16.6186
22.0347
15.017
39.2356
32.8835
0.714441
24.1656
2.22567
41.487
-10.4644
0.349963
3.19374
28.8425
2.68424
21.6103
10.8756
36.9172
5.75134
15.0144
14.6038
30.0067
14.128
3.69795
1.16216
9.9356
23.3399
-15.1847
14.1544
-6.1424
-9.58159
-3.83898
-15.9494
0.302133
14.4948
-4.88327
0.421569
-9.4233
41.8277
34.6736
21.202
38.7258
13.7829
-13.2979
-3.97456
-7.3533
14.6213
19.4674
1.36045
22.1898
5.82039
-6.28652
-16.0581
-13.1574
-8.5078
-3.62102
-0.556814
14.932
-14.6681
-31.6085
4.59129
-2.72288
-21.0819
-16.1448
-7.0669
-0.222297
-6.79769
-20.714
7.03998
-5.9446
16.2135
27.3916
16.9768
44.2312
-25.9418
-28.4232
-14.7824
-2.1632
-5.047
2.00894
2.54712
16.9848
-22.3785
-26.0083
-15.874
-13.0978
25.2883
15.1913
7.43757
5.83725
8.99531
-9.51435
7.3267
-3.66198
-13.3789
-1.92132
-22.0321
-10.7723
-18.7586
-12.7398
-22.7153
-17.8702
13.1514
-8.02296
-8.2891
-15.4924
-9.12939
-30.5487
-15.2999
-23.7239
2.05727
-1.73499
-9.41881
-7.93458
-4.93088
-5.9943
-12.6228
-9.38543
0.682721
8.44206
-5.44992
2.20462
-6.71519
-1.10122
10.8624
15.3958
-22.8935
-9.70184
-20.3625
-15.9701
-13.7981
0.222005
0.957416
5.20241
-4.75879
-5.06148
-14.0091
-8.94225
-16.8829
-11.1633
-3.33518
6.77826
-5.95147
-4.99437
-5.77129
-8.1392
2.79704
12.7502
14.2894
19.9419
24.0893
10.799
6.74585
2.21848
10.2506
-12.475
7.33863
-7.59984
-9.1749
-0.50757
-17.17
-8.4343
-1.52232
0.683406
-6.57172
-5.27339
11.4762
-18.8855
-8.44159
-24.5661
-9.53498
-41.1644
-15.9336
-34.3015
3.29871
-9.27799
-6.50393
-13.538
8.15799
-2.71261
0.388797
-5.91489
5.80875
8.09396
0.524531
2.9711
-16.2033
-17.0862
0.471977
-1.22528
-26.82
-18.6995
-23.2898
-23.7025
-21.7608
-13.8347
-7.75693
-9.3397
5.07652
-6.69448
-2.31001
-8.44532
-22.8465
-29.6179
-9.18577
-11.2972
-7.65518
-17.7634
-5.46048
-18.6276
-4.12775
-6.26264
7.62844
1.45896
1.89854
-7.49999
-19.7055
-14.6487
19.2995
-1.20616
10.5344
3.50839
-27.6683
-22.6693
-30.9408
-20.1809
-12.5957
-15.73
-14.515
-12.8642
-4.32835
-13.5858
-44.3416
-33.6693
-7.84774
-20.0446
-35.9343
-29.1771
-10.2905
-9.32277
-31.2054
-19.0025
-11.7589
-10.7569
-32.2329
-20.9714
-7.96188
9.70291
-1.80957
21.7091
10.2489
23.0738
36.7682
54.4713
-15.7782
0.161942
8.17176
21.2712
5.68428
19.7583
38.5154
48.773
-16.9498
3.87142
-28.7346
3.41479
-18.3978
5.75123
-10.7279
23.7736
-6.35088
8.57311
0.428682
17.9863
-0.168012
21.0576
14.5805
37.4641
6.42756
-6.24613
-18.6266
-16.5787
22.2832
-2.52036
8.31724
-2.74049
-19.528
-17.4011
-26.0999
-17.946
4.57713
-2.4521
-2.39229
-4.37023
0.889985
-17.6368
-41.5581
-39.8889
-5.35955
-27.8485
-37.6316
-40.9004
-3.9473
-11.846
-27.1462
-23.5436
2.43193
-6.45517
-22.0768
-20.4383
4.04765
16.1564
7.09094
25.3197
3.6446
9.89071
25.3041
36.6946
-14.613
-3.82599
6.3787
14.5912
-1.18652
6.71162
26.9356
31.2835
0.934442
10.2054
-12.9441
7.92125
-20.3122
-8.73617
-16.4867
5.70798
-1.79746
1.97924
3.03918
9.71569
-4.83538
4.22017
6.21951
17.1992
3.87154
-4.11055
-5.15277
-4.36929
-12.733
-34.6249
-13.9617
-28.0638
-22.5019
-9.0347
-23.5914
-10.0532
-21.0164
-18.4853
-25.7961
-24.1697
8.99257
-3.61965
4.30337
5.93104
-8.98694
-27.3413
-6.7928
-11.883
3.55036
8.21492
7.56279
17.7727
8.04008
9.93623
7.45008
13.9158
-15.1913
-15.8312
-13.4716
-13.9475
-24.1426
-32.4252
-7.09929
-16.1935
-26.5601
-21.873
-17.4394
-21.2829
-11.8414
-11.8232
1.11703
-8.37096
-13.8179
-16.0727
-7.29102
-3.90739
-22.8827
-24.6124
-1.94439
0.988596
-9.44503
-10.5453
5.24956
1.0931
9.53941
11.938
27.1596
25.5263
32.0492
17.6291
20.2365
14.848
9.3151
-20.0377
3.54717
-17.7496
3.49359
10.9257
-0.23358
7.53567
9.42729
4.90052
0.259168
-4.90615
35.4945
10.45
29.0322
18.4937
10.2005
-21.6089
8.87082
-9.40824
25.3836
18.0188
27.7737
26.2204
33.1367
21.9808
29.1736
22.8535
7.36895
-1.98996
6.64133
-2.28737
-24.7805
-42.8047
-11.9352
-30.505
-20.6376
-24.2666
-13.8136
-25.7069
-18.5392
-27.8598
-9.62813
-28.1888
12.2519
-4.71597
17.3468
6.28345
-21.1958
-38.6613
-3.44021
-15.977
-2.49944
-17.91
10.9139
-7.28665
2.67991
-10.2545
17.2681
0.567978
-15.0331
-15.9396
-37.7404
-23.9226
11.6548
-5.85609
-6.60021
-10.3626
-29.3164
-15.9306
-34.955
-15.5395
2.21971
1.97491
-10.4523
-5.64311
-3.739
1.94285
-36.9307
-11.0503
6.64123
3.8864
-23.0104
-6.54234
-1.05945
14.7422
-16.4156
10.8901
18.5483
28.887
-4.75351
16.1135
-27.6779
-12.0353
-23.603
-1.83759
-1.42215
3.88336
14.6332
25.0857
-20.297
-6.48436
0.312813
11.5536
16.387
22.8363
37.4914
40.3931
-29.5879
-4.34165
-35.5253
1.31805
-18.3782
4.69861
-13.2474
20.4507
-10.4337
8.81003
0.930576
23.0768
15.5835
35.6316
26.5301
48.505
6.36121
-1.06529
-23.092
-15.5281
22.9197
-2.13388
-3.83187
-14.8708
-11.8961
-4.62735
-24.1298
-10.5652
20.0886
12.7039
-0.929312
-2.99379
17.1449
10.3126
-21.7773
-8.14492
16.211
-0.0807397
-20.9219
-17.7246
13.3641
17.0544
-7.57188
7.88866
32.2355
29.4402
1.60315
9.60232
-10.7456
-3.90389
-13.0754
0.155164
-11.6877
-16.2058
-3.78788
-2.89286
-21.7943
-16.3796
-7.43851
-4.32954
-1.73025
-4.7017
11.3693
5.11651
-7.98057
2.47058
-19.3074
3.00698
-25.1535
-17.8945
-27.1629
-9.01646
-9.74241
-4.89086
-3.61687
4.40335
-1.53006
3.10311
2.42712
9.25324
-4.54837
-0.476157
-21.6333
-1.15101
-1.89771
-24.1922
-10.5292
-17.3894
-6.11405
15.5546
-15.8056
13.5786
-1.33493
-3.05925
-14.0588
-9.04335
1.18608
2.24338
-10.2387
12.703
-15.5121
-32.6538
-19.3957
-15.6288
-10.7374
3.74377
-14.0021
13.669
-20.9279
-21.6719
-28.1371
-16.667
-27.5886
-8.37905
-62.0145
-34.9964
-4.52211
-5.41201
-22.9666
-17.0236
-8.08948
12.5942
-35.6559
-15.8582
22.6855
26.2435
-0.385307
1.31097
-12.6051
6.60487
-40.8988
-8.40597
-7.62583
-0.347651
-20.8503
-1.26499
-8.65337
7.85817
-29.3208
-8.22096
8.41357
15.9671
-8.67045
2.4957
-5.28567
-6.74029
-4.39692
10.8247
-0.291826
-29.1359
7.29959
-5.84401
-7.72315
8.8216
0.709765
25.2362
9.97701
2.10606
13.6268
12.7618
-1.13633
-11.6
6.42787
18.1147
-16.6761
-46.3616
-3.32146
-11.8321
-16.4181
-13.055
-0.542968
16.2762
-14.8723
-27.7572
-4.69251
-5.09711
-19.5975
-8.19569
-35.7086
-16.2321
-11.2563
-20.9767
-13.1367
-15.7581
-15.4258
-2.14691
-24.5267
-11.8677
11.2017
6.33213
4.84569
-1.61942
-1.01369
4.39433
-9.9773
8.97975
-11.9446
-19.4911
-7.58969
-2.56287
-14.8759
-11.7633
-16.0625
-8.09545
-3.14122
-10.0094
-2.49512
-5.48454
7.84189
-6.82957
-13.0715
-5.37417
28.4609
-15.2718
12.6577
-9.68202
-5.0903
-9.32233
-9.47632
-0.0341322
4.4154
-25.9041
-6.34624
-23.9673
29.5252
23.0573
-0.547564
20.8276
15.8627
-11.4987
-10.0121
-10.5062
2.26679
2.06578
-10.5118
8.43569
-18.1297
-36.2505
-38.1962
-38.1441
-17.9066
-8.23374
-40.1227
-16.6826
15.0429
1.92179
5.46503
5.13541
-3.11439
0.875581
-9.33709
-0.274422
24.3018
8.47159
19.2316
7.49828
3.56934
24.461
-27.3341
12.7992
3.49896
9.76436
-15.6785
8.85277
-1.15427
9.88201
-15.2975
6.2858
-2.37868
-2.99491
-16.2817
-7.32665
8.77988
-11.5004
1.88277
4.23744
27.7423
-22.6219
24.2046
-4.50042
-6.81589
-16.2537
2.96509
7.46759
11.6111
-24.9369
13.2657
-10.3177
30.0435
11.9726
15.0023
25.0407
13.5397
-26.4475
0.945697
-11.9079
-2.36496
-13.766
0.0387448
8.05241
-15.0249
-45.3685
-21.6598
-33.5644
-7.08476
-5.30161
-14.9435
0.873018
7.1397
-14.8939
10.1684
1.19251
-9.41178
-12.9086
-1.1264
0.715666
9.85725
-14.4825
17.5443
-2.43229
19.1569
26.1647
3.6261
30.1416
-0.82338
-9.46458
-6.37888
3.51191
-5.17244
-7.61708
-3.79226
4.57626
-15.7289
-30.8487
-15.8592
-21.1416
-7.3261
-3.70409
-13.3072
6.9937
-3.73231
-31.9743
-9.64666
-22.1854
-4.5381
16.575
-4.38861
24.7089
8.36076
0.58366
-2.90876
-3.67721
-5.16029
1.89401
2.44352
31.6511
-16.3026
-32.9446
-9.54421
-5.00867
-19.372
1.00086
-4.87081
28.9608
-16.83
-17.1796
-14.66
-2.52668
-16.1437
-7.89858
-40.4399
-24.1174
6.62397
-10.7276
-10.0774
-20.3273
7.62275
17.2367
-11.0768
-2.07996
45.2755
32.2665
22.685
8.08316
-15.1719
-0.47917
-25.4111
2.83338
-5.87874
-8.615
-9.43531
0.404429
-13.5948
-1.70574
-17.4705
-0.724291
14.9627
12.3965
6.2838
7.59903
17.1891
12.0394
25.8858
37.6812
14.542
-23.4944
21.5548
-0.512231
11.52
24.2643
26.4981
47.493
28.7559
11.5873
30.5642
20.6705
16.5701
8.85849
39.8671
54.5749
-1.99786
-34.4284
18.703
7.71608
-8.5852
-2.57526
21.76
41.4948
-2.89097
-18.6263
13.3723
10.3861
5.15734
2.34988
-4.11987
1.41624
4.61572
-24.8112
1.1826
-20.8765
6.01112
4.9754
2.48133
1.09463
30.9324
6.25099
21.7609
-4.24721
8.52975
6.17571
14.3249
25.7887
-6.67121
-27.477
4.0558
-3.90784
-15.2923
-20.0471
-2.98293
-2.61443
-0.651092
-20.8839
5.10434
-10.9809
5.18492
-3.55963
-14.5544
-0.661301
36.3454
-6.95766
13.3296
-8.31152
-0.40383
1.18572
-4.87856
10.654
26.82
-3.17521
7.58298
-9.44485
23.5626
29.4688
2.58874
36.6069
25.0543
4.56974
-0.10819
6.54342
-2.99427
9.0735
-7.93678
23.5484
-1.05995
-12.4092
-21.6769
-14.5845
-14.6681
-9.58254
-36.6842
-17.5626
27.581
4.3753
9.81646
-0.328851
7.3812
6.67854
0.0956934
4.73458
51.2736
25.2535
36.7539
15.0996
-6.94087
15.8107
-29.7195
12.5425
6.90103
9.5291
-12.5382
8.62455
-11.0493
1.74157
-18.3305
5.27622
8.81518
4.45629
-6.61244
-1.1312
18.8639
1.26573
9.84509
15.1507
39.7838
-13.3956
25.7378
-5.51358
3.02631
-3.83484
9.42278
16.7708
30.5874
-8.88121
20.4709
-5.76422
35.6222
26.6806
26.3841
45.8206
25.6886
-10.6666
10.5111
1.55833
-3.66998
-6.04708
3.27405
20.5805
-2.58317
-29.4
-13.0643
-21.1734
-3.04776
-9.09677
-14.0023
-5.74909
11.8922
-23.4707
3.43854
-18.5979
-5.70296
-17.1372
-1.77618
-7.60275
21.4582
-16.3162
16.4001
-16.7424
8.24547
13.8683
-2.45626
22.9432
-6.40649
-21.9299
-15.5196
-12.2421
-23.0539
-26.9888
-18.1075
-10.9604
-21.1054
-43.2129
-26.0562
-38.0573
19.0796
23.1135
3.19655
19.4275
0.184177
-11.6812
-8.32423
-8.9684
0.872141
21.0251
3.00403
26.6594
-15.3333
-8.10592
-17.3125
-7.55849
5.50094
3.83813
-6.53125
9.47723
-12.9791
-22.3736
-18.5489
-11.2479
-5.09117
5.19247
1.65834
20.9187
-16.502
-10.9763
-14.7759
-1.24911
-5.60789
12.5148
-32.6254
-10.9072
-6.21591
2.27464
-18.3307
-7.22044
-6.67734
11.442
-16.2138
-3.19359
0.984611
12.4456
-5.13501
0.251185
-14.9778
0.463368
-37.6724
-13.1614
-13.909
0.0678102
-22.6131
-0.542258
-13.6215
-2.35619
-18.0683
-6.42777
0.0965349
12.8712
-1.84561
10.3286
19.0976
15.0827
16.5467
24.9949
5.13918
-15.7979
8.2122
-1.23743
2.33257
14.8396
17.9474
34.223
1.642
0.20067
11.3949
12.7464
4.23509
-11.4708
6.55039
8.78196
-10.4928
-34.9531
-3.46584
-10.9644
-7.40108
-10.7576
13.8467
19.7331
-4.48189
-13.619
9.99177
9.12183
6.48192
14.2748
-6.8623
4.79217
-6.25761
-9.11959
-6.4499
-6.426
-7.60074
0.591747
-3.31324
0.0463102
-1.49244
-0.981033
4.4612
-0.836043
1.01352
0.130723
-6.99246
1.46067
-11.234
-14.6039
-7.00022
-2.00995
-13.1299
-17.7856
-2.73735
-6.75166
-2.15028
-6.31935
8.99618
4.49278
11.4074
5.53534
-3.8125
8.47106
23.0436
-1.4224
11.855
4.56898
-2.31205
0.77784
9.61687
22.1679
-1.22764
-13.7579
3.24688
-0.79795
8.00919
7.65877
-18.1794
5.10015
5.12801
-5.64858
-17.9414
-6.06376
-2.06335
2.3757
-0.336307
19.0382
-11.117
-14.1304
-17.7566
-6.81022
-11.6093
5.81428
-21.9254
5.05226
10.2289
15.3259
11.4722
25.1476
-1.5312
8.73203
14.7675
25.8904
15.3353
16.2457
31.7077
32.5019
-20.2553
5.70526
-41.068
-0.0790287
-11.6728
10.1288
-21.8383
14.016
-11.7198
2.90784
-5.1509
15.8107
-3.72988
9.71266
2.0005
20.8012
13.7636
-0.239291
7.91843
12.3373
26.337
-7.2825
22.7725
6.59903
-0.305214
-4.94321
21.1492
26.2384
12.2943
-8.98652
24.5436
12.0143
10.2469
-4.22849
-5.55161
3.8691
7.11822
-18.8061
-7.31188
-10.3158
-2.66143
-11.9445
9.60642
15.525
-1.38477
-19.1429
0.76574
-2.76656
3.97415
10.9859
3.3738
20.2059
9.68113
3.34359
18.8895
21.3965
-0.75278
-0.498355
25.4125
26.7927
10.5603
0.439155
35.0485
25.0774
0.395087
9.94969
-9.68652
15.1627
-8.3385
-3.96554
-9.52362
9.16823
-8.36095
-9.73625
9.08989
14.3147
-7.10918
-10.6924
7.75236
9.79354
17.8934
22.7471
5.20242
22.5219
1.91708
-14.6259
-11.7859
-16.8387
1.92715
22.7945
5.98831
30.6269
-4.18257
-1.73808
-12.6192
-7.37915
7.15362
12.7577
6.23831
29.7825
-3.79465
-11.4195
-6.63416
2.70544
-7.8392
9.60603
8.76441
35.4552
-4.54163
2.64847
-1.34801
14.112
7.72147
16.1496
-17.078
-4.78556
8.79062
2.08945
-9.49283
-13.3054
8.80689
17.1264
0.225557
3.71484
25.3226
21.4865
11.7715
2.12952
-9.25266
2.94123
-21.8044
-0.271916
-1.89392
3.33833
-8.84186
4.75329
-12.3834
-4.4707
-7.95023
0.606572
14.8011
18.726
13.3524
16.9456
46.5822
40.1422
43.9276
50.2195
26.9589
-1.90052
21.5416
4.43841
24.4731
34.4497
38.7214
52.7354
25.2943
15.8252
25.294
18.8867
33.3589
21.6751
43.4953
50.0178
17.5788
-8.35666
24.0403
15.3354
9.73677
10.297
37.5428
47.6148
18.7804
8.06273
31.4257
29.2441
36.5396
31.3931
22.1176
21.1016
16.8933
-4.40532
7.23654
-10.9073
17.0266
12.1744
18.9734
9.55715
23.4046
5.37409
18.631
-4.9393
22.2673
14.8924
21.1084
23.3382
7.72575
-7.63358
10.4199
3.6896
-3.94837
-15.2016
12.0284
1.68541
11.9137
-4.35009
20.2578
3.92848
5.97081
7.29552
-15.9868
3.76244
30.1244
7.358
3.81157
-1.50604
-2.51774
7.66364
1.41073
21.3221
18.2607
7.32475
6.34818
4.16644
5.67443
18.968
-19.327
17.8654
19.9234
17.2936
-10.3454
9.94785
-5.80906
12.1687
-4.15764
29.0244
9.44406
14.4722
-5.65775
13.5989
-10.8575
3.24865
-28.8854
-4.95625
22.2562
18.5385
7.40115
12.5307
4.36517
11.2057
11.6894
19.6583
39.6838
31.6742
38.695
30.8382
-26.8447
2.24564
-47.4444
-3.05672
-2.37399
17.0602
-20.7131
13.0427
-19.8066
-2.1544
-14.2873
9.9676
11.2482
22.218
7.54228
24.1391
24.4864
14.4354
8.60773
17.2474
40.9932
5.82841
19.0086
1.55873
8.06321
7.27183
18.2214
27.4261
31.7728
8.84132
24.3392
10.4281
22.8719
18.7956
4.96472
25.0534
28.2893
7.26691
3.36399
5.53083
0.967282
1.97809
9.86372
26.345
17.9667
5.00513
8.35919
9.89232
8.9428
9.39235
-2.66507
7.87362
17.3413
-1.05573
7.15551
-2.12811
1.77521
-4.63795
15.6702
10.6516
22.9564
0.670435
26.7877
4.92059
-3.17714
6.26242
-16.3414
8.66157
-4.60648
-5.84581
-17.2609
-3.91251
-21.0157
-22.6114
-7.9104
-2.63716
-5.28314
-14.5839
-3.15371
-6.56131
