0.657479
-9.00924
6.22674
-0.288087
8.72792
-15.0667
4.30363
-17.3149
-5.94383
-12.9168
-0.973245
-13.4889
12.5608
-12.7532
6.94795
-24.8845
-3.81993
-1.59751
-0.0180906
10.8305
2.97408
-5.2312
3.64834
3.09353
-6.32595
4.85747
-5.80465
5.31044
-1.86834
-5.32571
-5.06453
-9.56597
3.9036
13.4278
-1.96895
2.10558
17.5331
14.5349
4.68231
-4.74124
-6.60815
4.58702
-7.69883
-10.6478
9.55061
4.01032
0.891761
-19.7684
-5.05195
8.87461
-3.48498
10.4663
-0.472847
4.6316
0.981827
5.13525
-2.53445
19.3304
1.13254
14.3275
-8.19672
0.632914
-5.23193
-6.04788
5.36774
7.9585
16.8064
22.8152
-9.20877
-3.74856
-13.7578
-5.85532
-9.18161
-6.59162
11.3505
8.66404
-6.94681
-5.70045
-2.99229
-7.99816
5.53646
-1.36258
4.69349
6.68682
2.24008
1.91075
-7.72466
-0.137346
-0.458961
-1.0915
5.10972
4.675
0.285366
2.00945
-3.85763
-2.91145
-0.714565
4.94476
-0.139561
0.336296
1.61338
11.7478
-10.7841
-6.80887
-11.6463
-7.0105
3.40274
-5.83945
-0.41203
4.48575
1.07469
-8.88127
0.944868
-10.3723
-1.55481
-12.5812
6.77896
3.63706
-1.82719
-5.65396
7.50102
1.42758
16.7935
2.31641
9.47085
7.35962
12.067
0.57635
-4.07347
-9.79782
-9.39717
-6.01095
4.66842
-12.2101
0.569624
-8.17407
2.68445
-5.84339
-2.86608
-10.9779
30.6982
6.80304
25.7826
1.3278
-3.79787
-3.81501
-11.9376
2.63011
4.9375
-2.53357
4.88859
11.0267
-4.43045
-0.983811
-15.4789
-6.14193
10.8061
2.58574
7.25863
3.95286
-2.31942
11.55
-5.69881
8.67972
-3.96757
0.353301
-3.10676
0.747444
-1.22268
8.82055
0.551651
2.4094
8.49602
4.77757
13.9206
1.04098
-7.18153
4.90842
-4.17004
13.9033
-16.6102
-10.3686
-2.49254
8.75672
-4.5413
9.98968
0.94204
12.7619
-15.3737
-10.9042
0.625874
1.40853
5.65787
12.0857
2.95871
18.7632
-8.36037
3.91064
-15.8288
4.8432
-3.91887
-2.98908
2.84732
4.45929
7.71182
10.2717
9.11882
11.3852
10.0456
0.801722
-5.9838
-0.376675
8.57744
8.877
-5.35531
8.81957
-2.46294
-10.9376
-11.7089
-14.027
8.94718
5.80291
1.20801
3.24451
-3.17931
6.71999
-3.35599
7.31852
-16.2422
1.10591
-18.1729
-1.02527
-10.8892
-7.51062
3.78003
-0.760736
-6.20813
0.406159
6.1172
3.83643
2.03963
-11.2195
-2.2604
-9.27001
-6.24723
-8.35729
-5.43526
-2.27152
0.331879
-13.1807
8.1959
-7.76172
-2.98162
-9.55826
9.40448
-0.592893
0.592893
-9.40448
9.55826
2.98162
7.76172
-8.1959
13.1807
-0.331879
2.27152
5.43526
8.35729
6.24723
9.27001
2.2604
11.2195
-2.03963
-3.83643
-6.1172
-0.406159
6.20813
0.760736
-3.78003
7.51062
10.8892
1.02527
18.1729
-1.10591
16.2422
-7.31852
3.35599
-6.71999
3.17931
-3.24451
-1.20801
-5.80291
-8.94718
14.027
11.7089
10.9376
2.46294
-8.81957
5.35531
-8.877
-8.57744
0.376675
5.9838
-0.801722
-10.0456
-11.3852
-9.11882
-10.2717
-7.71182
-4.45929
-2.84732
2.98908
3.91887
-4.8432
15.8288
-3.91064
8.36037
-18.7632
-2.95871
-12.0857
-5.65787
-1.40853
-0.625874
10.9042
15.3737
-12.7619
-0.94204
-9.98968
4.5413
-8.75672
2.49254
10.3686
16.6102
-13.9033
4.17004
-4.90842
7.18153
-1.04098
-13.9206
-4.77757
-8.49602
-2.4094
-0.551651
-8.82055
1.22268
-0.747444
3.10676
-0.353301
3.96757
-8.67972
5.69881
-11.55
2.31942
-3.95286
-7.25863
-2.58574
-10.8061
6.14193
15.4789
0.983811
4.43045
-11.0267
-4.88859
2.53357
-4.9375
-2.63011
11.9376
3.81501
3.79787
-1.3278
-25.7826
-6.80304
-30.6982
10.9779
2.86608
5.84339
-2.68445
8.17407
-0.569624
12.2101
-4.66842
6.01095
9.39717
9.79782
4.07347
-0.57635
-12.067
-7.35962
-9.47085
-2.31641
-16.7935
-1.42758
-7.50102
5.65396
1.82719
-3.63706
-6.77896
12.5812
1.55481
10.3723
-0.944868
8.88127
-1.07469
-4.48575
0.41203
5.83945
-3.40274
7.0105
11.6463
6.80887
10.7841
-11.7478
-1.61338
-0.336296
0.139561
-4.94476
0.714565
2.91145
3.85763
-2.00945
-0.285366
-4.675
-5.10972
1.0915
0.458961
0.137346
7.72466
-1.91075
-2.24008
-6.68682
-4.69349
1.36258
-5.53646
7.99816
2.99229
5.70045
6.94681
-8.66404
-11.3505
6.59162
9.18161
5.85532
13.7578
3.74856
9.20877
-22.8152
-16.8064
-7.9585
-5.36774
6.04788
5.23193
-0.632914
8.19672
-14.3275
-1.13254
-19.3304
2.53445
-5.13525
-0.981827
-4.6316
0.472847
-10.4663
3.48498
-8.87461
5.05195
19.7684
-0.891761
-4.01032
-9.55061
10.6478
7.69883
-4.58702
6.60815
4.74124
-4.68231
-14.5349
-17.5331
-2.10558
1.96895
-13.4278
-3.9036
9.56597
5.06453
5.32571
1.86834
-5.31044
5.80465
-4.85747
6.32595
-3.09353
-3.64834
5.2312
-2.97408
-10.8305
0.0180906
1.59751
3.81993
24.8845
-6.94795
12.7532
-12.5608
13.4889
0.973245
12.9168
5.94383
17.3149
-4.30363
15.0667
-8.72792
0.288087
-6.22674
9.00924
-0.657479
