2.54823
9.59133
-15.5398
-2.23105
2.99843
7.67205
-11.9962
-2.03264
-0.185236
-2.5626
3.28794
-1.51832
2.14208
3.35392
6.01416
3.82139
-0.476427
-4.32519
-0.00386107
7.88735
-0.497396
-6.4468
-2.42865
2.3862
4.11729
-7.54634
4.77214
-3.84606
5.86811
-1.93747
1.42463
-4.31125
0.311492
1.69071
-3.97886
-4.93551
-2.83942
-8.04278
6.43102
-2.08394
-7.31752
1.63865
3.77142
1.69718
-10.0688
-1.73648
11.8865
8.21261
5.8971
4.55215
4.04505
5.83856
1.68512
-5.97356
7.89661
2.40066
-0.398893
7.43871
-8.25058
-5.96907
-4.31654
3.16602
-6.79918
-5.84844
5.84844
6.79918
-3.16602
4.31654
5.96907
8.25058
-7.43871
0.398893
-2.40066
-7.89661
5.97356
-1.68512
-5.83856
-4.04505
-4.55215
-5.8971
-8.21261
-11.8865
1.73648
10.0688
-1.69718
-3.77142
-1.63865
7.31752
2.08394
-6.43102
8.04278
2.83942
4.93551
3.97886
-1.69071
-0.311492
4.31125
-1.42463
1.93747
-5.86811
3.84606
-4.77214
7.54634
-4.11729
-2.3862
2.42865
6.4468
0.497396
-7.88735
0.00386107
4.32519
0.476427
-3.82139
-6.01416
-3.35392
-2.14208
1.51832
-3.28794
2.5626
0.185236
2.03264
11.9962
-7.67205
-2.99843
2.23105
15.5398
-9.59133
-2.54823
