2.67111
1.52122
-1.57349
0.562935
4.11385
-5.72769
13.9342
6.40327
1.47605
-3.65399
3.9835
-6.55478
-3.6244
-17.1772
8.77549
-11.1613
-4.49175
-8.89695
-6.79342
-2.43798
9.93786
-7.37208
5.57886
-3.94617
-5.96977
-11.3813
-2.99684
-8.34233
11.6088
-6.43864
8.35191
-10.6052
-6.29256
6.70442
-7.11037
0.571399
-8.81239
-0.806803
4.83772
6.55237
2.92065
20.1052
3.41924
6.59402
-5.77053
6.69145
5.02346
2.49997
-5.8528
1.19435
-1.7124
5.49388
-5.89996
-8.05729
-3.41394
-6.38788
-0.16742
14.0411
3.81195
9.485
3.30626
8.5791
1.45872
-2.77959
-0.0961197
4.26743
-3.51713
4.39888
5.53899
2.81649
9.02596
8.88019
1.46838
8.11903
4.2095
5.71808
-1.72062
-1.88716
3.75596
-2.52839
-0.259726
-4.64873
-7.73199
-3.0942
17.3136
1.62546
0.627013
-7.01007
-1.50024
-0.628361
-4.28781
-3.08369
16.9412
6.78275
0.766743
-10.0352
-13.1409
-2.11721
-6.68791
-0.713281
-10.8902
-3.25229
2.87372
4.48683
-13.9387
7.53975
-6.75926
0.97564
-20.1403
-1.77874
-9.82242
-6.18019
3.13573
2.71235
8.55275
8.55465
6.81046
-1.21181
3.41609
-5.15663
-3.71199
9.29321
0.954085
5.69002
1.20266
6.87782
-7.11518
-10.685
10.685
7.11518
-6.87782
-1.20266
-5.69002
-0.954085
-9.29321
3.71199
5.15663
-3.41609
1.21181
-6.81046
-8.55465
-8.55275
-2.71235
-3.13573
6.18019
9.82242
1.77874
20.1403
-0.97564
6.75926
-7.53975
13.9387
-4.48683
-2.87372
3.25229
10.8902
0.713281
6.68791
2.11721
13.1409
10.0352
-0.766743
-6.78275
-16.9412
3.08369
4.28781
0.628361
1.50024
7.01007
-0.627013
-1.62546
-17.3136
3.0942
7.73199
4.64873
0.259726
2.52839
-3.75596
1.88716
1.72062
-5.71808
-4.2095
-8.11903
-1.46838
-8.88019
-9.02596
-2.81649
-5.53899
-4.39888
3.51713
-4.26743
0.0961197
2.77959
-1.45872
-8.5791
-3.30626
-9.485
-3.81195
-14.0411
0.16742
6.38788
3.41394
8.05729
5.89996
-5.49388
1.7124
-1.19435
5.8528
-2.49997
-5.02346
-6.69145
5.77053
-6.59402
-3.41924
-20.1052
-2.92065
-6.55237
-4.83772
0.806803
8.81239
-0.571399
7.11037
-6.70442
6.29256
10.6052
-8.35191
6.43864
-11.6088
8.34233
2.99684
11.3813
5.96977
3.94617
-5.57886
7.37208
-9.93786
2.43798
6.79342
8.89695
4.49175
11.1613
-8.77549
17.1772
3.6244
6.55478
-3.9835
3.65399
-1.47605
-6.40327
-13.9342
5.72769
-4.11385
-0.562935
1.57349
-1.52122
-2.67111
