3.74509
-4.73627
12.2795
6.40366
23.0164
0.936778
28.5875
8.13763
-4.4303
11.0332
4.65206
14.0265
-3.30709
15.5555
15.3685
27.1663
-20.985
-30.7645
-18.1929
-19.8926
4.82105
-15.583
5.91964
-7.38032
0.579291
-6.63436
12.8532
5.02488
4.27974
3.43898
27.4168
24.9856
8.94197
-3.35809
4.74713
-13.5489
20.2849
2.55426
11.8315
-12.8709
3.06423
8.52708
3.87599
-5.35171
-7.03675
9.99292
2.07299
3.43638
11.2098
-7.82407
0.193811
-19.3617
33.5038
12.0131
19.4991
-3.48899
19.4507
-3.19921
22.3753
-9.49086
16.3433
8.23401
28.8358
10.5345
-4.18502
-11.5278
7.7316
3.26046
-2.90044
-17.5743
17.3982
4.62033
-2.05085
10.3786
-1.07207
5.53454
-23.5559
-1.46003
-1.63853
13.6587
-7.92412
-17.155
-10.5574
-11.4424
-1.20195
-14.7901
5.81667
-0.401223
15.6257
4.78822
10.9886
-0.197519
-4.39916
-2.59653
13.1722
13.6505
-9.12317
-22.9665
-0.801868
-20.3751
-6.13947
-19.1462
9.26862
-10.4436
2.54927
2.29628
4.39138
-10.286
-20.5525
-2.97136
0.933004
3.11399
7.51002
-13.6571
0.202605
-21.22
20.3477
2.99103
21.397
2.80907
24.9771
-3.97851
20.1245
-17.7812
7.77191
-0.375868
23.8326
5.75898
-5.3421
-3.74417
1.16776
11.3299
13.2746
0.251534
0.87201
-4.56262
-12.619
-3.19854
-6.47339
2.8167
0.67445
12.4713
0.464123
11.1549
-29.9043
-22.7386
-23.168
-1.96379
-12.1566
-16.6381
-23.0628
-14.4816
-24.5101
-30.9008
-9.20404
-10.2508
-16.0431
-17.0836
-5.82305
-2.49535
13.9629
17.1227
6.48067
9.60313
21.7919
18.4984
-5.89798
-10.2046
25.2951
30.0955
21.9073
17.9758
24.5051
39.8496
13.4661
19.103
5.03373
8.32566
-3.30077
5.42816
16.4102
16.2226
-10.8621
-6.58847
13.4161
-3.03031
18.11
-1.59399
12.216
9.28747
10.5286
3.36683
-2.19425
-9.97197
8.16987
9.2225
2.81498
-13.3165
5.61201
-2.66485
-16.1619
-20.2897
-17.6479
-21.6398
-21.1175
-16.6016
-17.614
-13.938
12.2076
9.40777
13.9907
25.4955
15.2508
7.07093
10.7366
15.8857
2.58713
-17.9417
1.4541
-13.4646
-8.29199
-17.2033
-3.16563
-7.4426
-5.63879
-14.5365
-0.13279
-8.80168
-1.78972
-10.8735
-5.14604
-14.9767
6.24324
-5.18641
4.35785
-15.5375
-3.16829
2.21341
-1.35945
-5.41918
17.7706
8.41509
13.6167
9.9644
24.0699
17.5022
12.3237
10.4833
18.3788
-14.8876
15.7675
-20.4902
7.4601
-6.02111
9.81298
-7.63534
2.00464
-4.10457
-15.4755
-18.7103
26.3536
3.95157
10.4538
-10.0496
-4.63689
13.6017
-14.041
-1.62263
8.88498
27.8281
13.6177
25.765
-11.7687
-16.1608
-35.6508
-31.6942
11.2031
-6.50798
-9.8287
-20.1669
3.24407
1.82081
-3.62801
-5.39713
11.4314
13.6866
19.9661
20.8997
-1.46744
-1.70316
-21.0553
-27.0182
12.2538
3.89299
-7.04898
-22.1127
-9.81103
8.1191
-16.8642
-13.3558
-10.2126
16.5898
-4.42422
6.9808
6.56748
2.61324
-20.5011
-24.7082
23.328
14.2225
-2.18555
-12.5197
4.2572
-2.91012
-1.34274
-17.4574
2.93746
7.61623
11.4491
6.20472
10.3805
4.36121
-2.70203
-5.58083
22.3227
6.27785
22.1658
8.28575
12.8138
26.9698
-3.67851
4.92338
9.28742
30.4152
18.2773
32.8754
-2.35972
-7.25183
-30.6518
-26.9291
7.10829
-4.83558
-6.98818
-11.2929
13.404
7.3082
-9.36388
-15.5394
3.44599
7.29584
7.43026
10.2247
-1.26841
-4.09609
-7.32478
-15.6135
9.67356
4.98806
15.2476
4.1254
6.70345
17.8691
1.69594
-1.29397
-1.11894
25.1863
18.0606
29.2345
1.17403
-5.96208
-21.1706
-28.2934
14.0582
8.03806
4.61395
-2.36862
6.85527
-7.66645
-5.50654
-28.7095
-2.98234
0.609294
10.1128
4.04746
-18.1975
-14.3093
-30.2616
-17.5404
6.05839
-7.36901
-20.3746
-25.9446
-15.4904
-3.37676
-20.3907
-8.13861
10.7633
22.5587
4.05066
15.0089
-25.1435
-12.6723
-37.6407
-10.8621
-9.66835
-11.5389
-35.2645
-23.8034
-17.8505
-18.5328
-14.25
-9.31941
-4.33507
-2.36167
-1.27687
5.33362
-5.70114
9.44104
-21.1358
-5.76208
5.06776
11.0621
-26.031
-20.7808
11.6154
28.8011
7.80316
16.5259
21.0863
46.1216
14.1665
29.7631
-2.20363
16.086
-19.1501
4.84533
4.20092
16.3165
-27.1397
-10.2941
4.0777
3.03194
7.68759
3.65314
5.22678
15.0044
6.99909
12.8123
0.302264
-6.23391
-6.89225
-4.32922
16.5306
-1.05383
6.31265
-3.14831
-4.91615
-7.39939
-16.4327
-18.5113
8.66843
12.1343
6.68503
9.57987
12.3625
13.8196
-4.0726
11.9579
18.7131
12.0956
0.524391
7.50469
3.40603
-12.463
-8.41714
-18.4072
3.15536
-3.79072
2.13521
0.0923824
-7.99275
-5.95673
-9.42387
-6.89016
4.37614
3.53159
-1.37365
-2.69624
8.63885
8.54588
7.34438
-0.945452
15.0682
29.0921
22.0116
26.8629
7.88545
12.479
-3.86508
6.70048
14.7929
19.4797
-0.00639995
9.67664
5.15791
-13.7564
2.47801
-19.1589
2.16837
0.344633
8.99626
3.47426
3.24449
16.783
11.4974
23.4284
13.9749
8.4179
19.1513
11.011
-12.3107
18.0156
-5.26053
14.7637
-15.7991
12.4292
0.731117
17.6815
-19.2718
-13.0256
-15.9944
-5.88154
-7.64109
-17.5167
-6.17037
-13.155
-6.32924
-4.67419
4.6793
1.50653
-12.8748
-10.3441
8.88368
5.61085
5.58084
15.6725
9.92182
9.80439
4.78733
3.95117
4.75654
-7.26444
-16.2607
4.43688
-8.66385
-6.86993
-34.5688
-7.80163
-18.7871
-11.8994
7.576
4.93967
5.8626
-1.50851
12.0991
1.50875
7.28388
-9.01701
-1.38885
-14.7982
9.0876
-17.7511
-18.3377
-22.7037
1.59341
-17.1776
-3.35167
7.55773
-6.53602
3.03195
-0.0301497
-1.94901
5.05435
0.818328
1.00107
24.5258
-14.8719
-1.38314
-14.5377
13.1561
-9.58523
7.09691
-2.84415
0.182981
-19.8117
-12.6516
0.280539
-6.54682
-7.1482
-10.8184
21.6824
15.9459
0.960266
-9.33789
1.98931
3.39573
3.36253
-0.76843
-8.16059
-3.3799
-6.12298
-11.2852
-6.73549
-6.61536
2.27574
-8.5228
-2.85359
8.36047
-9.0459
-16.4693
-23.5846
-0.0336741
-10.2467
-6.30902
10.2327
1.69553
-2.59157
-15.5974
15.8774
5.65339
11.2966
-4.37175
20.0925
-3.39028
7.97223
-28.6737
-0.376407
-8.54855
8.30343
-14.0076
1.65833
22.0313
15.814
40.538
3.51075
3.76543
-1.35928
2.27077
-6.48491
14.5535
5.55571
22.2507
-6.02646
11.8911
-0.454938
12.1435
-20.7765
-0.829912
-5.62758
24.1444
-25.4274
-22.6254
-28.0343
-16.3826
-17.4905
-18.2574
4.47736
4.84137
-27.4929
-28.4068
-10.7242
-11.483
6.60069
28.9073
15.5815
33.6378
-5.93008
4.426
-17.2701
-12.1402
8.48256
25.2728
19.8071
23.6523
-8.73797
13.0991
-5.17779
2.73862
-2.68747
13.7571
6.20787
23.8764
-17.3053
-9.83744
-27.4609
-19.7449
-4.99741
-15.4481
15.1756
-2.7458
-28.2624
-30.6925
-14.5839
-25.4603
6.51399
13.7436
9.70438
21.5512
5.33676
-1.28462
0.846875
-2.13297
1.27828
5.00089
-9.13211
-9.4868
-5.93444
0.934588
-11.4685
-9.65253
25.0761
31.2895
20.4522
36.7571
16.2984
11.6345
5.26414
9.71608
22.9457
4.27308
13.655
-3.6206
4.17505
-8.37738
1.03054
-11.1006
-8.30341
-1.82195
-1.15386
1.34334
-14.2363
-13.4382
-16.0623
-20.2241
3.7266
0.519137
1.73403
-14.1522
-11.5376
-3.43093
-9.9491
-15.497
16.7798
16.8093
15.0363
16.5558
7.66273
4.98273
-1.78637
-3.95204
16.294
-14.7443
14.3424
-23.9005
-6.11172
-22.8622
-3.21242
-28.1431
-4.54044
-1.40039
-6.26379
-4.46247
12.5291
-6.12085
12.2729
-8.69154
-18.496
1.8348
-13.8941
-3.59658
-8.32419
7.21401
10.3014
14.8306
-2.61285
-3.74985
-9.97135
-6.97277
7.44525
-12.508
2.82378
-13.9696
3.84399
-1.48118
11.7447
1.86058
3.04691
-4.09711
26.2412
13.5625
-3.72528
5.66012
1.26092
0.706062
-0.878931
-5.11587
4.27915
-10.8738
-27.9669
-7.57269
-12.1968
-10.4374
-35.3141
-11.5448
-6.81556
-2.65676
17.5241
17.1968
15.7964
11.0032
17.7754
6.79953
17.4895
1.07194
-1.92612
-12.6235
16.064
-7.79383
-15.8258
-20.1744
16.1627
-2.32206
-5.27368
-5.8114
-17.419
-19.0293
9.96697
-6.09352
10.6342
-7.47464
-0.556056
11.9245
-17.8619
-15.1485
3.14534
17.1005
11.2086
14.4209
-0.280121
-5.68481
-26.8681
-27.8711
6.85197
-11.1017
-5.65364
-20.1813
16.526
2.7606
-6.28859
-24.3468
8.16137
-1.15559
11.9858
-2.59972
-9.64562
-6.61986
-5.94746
-12.5958
0.99931
-3.33
16.2147
1.23561
-7.97346
1.88861
-4.97717
-13.4837
-12.1636
7.34085
14.9065
15.0666
8.04416
0.767309
-3.77915
-15.2558
14.9969
3.33876
15.9608
-0.872876
6.18376
-15.6357
2.59255
-32.1212
-5.65597
-14.8593
16.0966
-6.97683
-18.4412
-8.54867
-6.82133
7.69116
-9.68811
-22.6083
-12.5502
-21.8262
-16.5347
-5.57372
0.498201
7.3846
-1.85453
3.29111
13.2529
13.3483
-9.77258
2.70886
2.181
24.7567
-15.4346
-22.7922
-16.6931
-14.9321
-4.52217
-12.3512
21.7784
15.3491
-8.21456
-18.8852
17.4305
7.18389
-13.1597
8.35872
3.90691
21.4438
-21.4891
-14.6157
-20.1997
-18.2836
-5.22782
11.1771
21.7105
25.4393
-10.9259
7.83141
12.7917
17.8972
3.46596
22.1377
19.7875
39.952
-14.8622
-7.86178
-13.048
-5.53053
-0.879269
-8.69996
34.248
19.2255
-20.5336
-23.0281
12.6429
1.97081
-8.67674
-12.9762
-7.00676
-6.4201
2.62669
-18.2183
1.16005
-15.7745
-5.09743
-12.5009
-9.50019
-20.7121
7.49157
0.539975
12.5088
0.772989
21.031
18.7306
14.2271
22.2871
16.8222
0.950038
8.15164
1.66416
19.6303
-7.15314
15.6877
-9.4299
12.7496
-10.6081
19.4969
-3.17076
-21.1968
-16.5523
-4.94618
-4.017
-17.3484
-21.0816
-5.52958
-13.9539
-4.35153
-8.99292
10.285
-6.76631
-2.51329
1.46493
20.248
10.8405
9.84235
11.0503
16.5404
19.5072
2.59495
-1.60113
6.13105
2.71815
6.0866
-23.3704
20.1045
-16.2881
-7.12845
-24.992
16.2841
-9.49084
7.33859
-8.25007
24.073
14.7902
16.781
-1.93856
34.6769
21.2874
-5.1872
3.06363
8.75197
14.614
-23.8226
-1.70529
3.83457
22.5874
-13.8149
-19.4833
-3.35683
2.75488
9.50417
3.67863
22.3936
27.3725
1.27046
-1.93737
17.8673
17.745
-7.44571
6.18672
24.139
39.8813
-1.72877
-23.417
5.881
-18.103
-2.40648
-19.058
5.06951
-14.8534
-9.36308
-13.3938
-0.0899473
-15.1109
-41.4144
-23.4109
-19.7185
-13.681
0.147216
-17.0564
0.40188
-13.6232
17.7626
8.56948
19.1534
12.1631
4.50306
-16.4219
15.3551
-11.0859
-13.2127
-9.12969
11.332
8.9233
-10.8002
-24.6722
17.2412
9.94122
-32.5863
-43.3219
7.96204
2.82264
-0.453218
5.3418
13.3072
16.9796
-54.9586
-29.0298
-16.1348
6.69562
-13.0932
-17.6347
-0.135576
7.36909
-22.0996
-20.5311
4.63472
17.2738
16.5411
10.2876
24.1516
21.2498
-29.1421
-12.2882
4.80166
24.0316
-14.1482
-36.8016
13.9026
-10.7804
-36.4268
-47.7762
2.8355
-11.5192
8.33094
-0.837424
26.5593
6.66676
-49.9629
-30.8298
-7.9664
-0.533167
-0.0371714
-18.7959
11.8509
-3.46305
-5.11988
-9.60074
19.2497
17.2378
26.1081
-0.544415
37.1078
5.2054
-18.9471
-14.3245
17.0906
15.4877
-5.19181
-13.2232
3.58286
7.81589
16.8518
4.66677
10.8388
9.94249
-14.8431
-15.1574
-9.77594
-6.52028
-8.05247
4.47704
-5.21641
9.90728
-30.1044
-21.3495
-21.6372
4.85641
-1.58769
5.98724
-6.63826
17.6997
-29.213
-34.1199
-15.5193
-11.382
-19.9068
-8.99616
-7.1743
11.8048
-2.26357
-11.0141
-3.87638
-8.96392
6.80069
2.06425
-10.895
-12.9443
9.28807
2.07285
8.42641
-3.82042
-0.196483
13.5998
-4.58449
3.20442
-15.5114
-12.9113
-18.5104
-6.77307
4.44226
14.0302
-13.3698
4.37968
-9.03809
-26.2816
-2.35203
-19.1529
-11.5907
-4.849
-7.16106
-0.952383
-7.06729
-23.8962
13.4865
9.18817
-11.8729
-26.5882
5.23862
2.0782
-10.8462
-24.1304
-5.48569
-14.9339
-35.5463
-29.7195
-21.0715
-12.3844
4.85392
4.22135
16.2927
33.665
5.42428
9.87909
14.6906
36.1746
3.2938
-15.1731
8.47322
-0.683244
-19.9878
-16.3699
-4.42421
7.52839
-11.0341
-31.2639
8.26612
-8.03461
-19.1916
-29.1401
-4.62886
-11.624
13.6306
-9.23651
22.1962
-5.43638
-17.7172
-13.3056
-1.33258
-2.66212
5.92625
-3.54288
15.0327
14.967
7.56109
11.347
13.1999
25.4135
17.1886
-16.2967
24.4944
-8.28205
-8.32429
-11.5571
8.07043
4.57075
16.5924
-4.52908
6.33825
-8.20861
29.9276
2.98071
25.3786
4.03056
3.8443
6.96525
-1.6771
-0.676076
-3.57727
10.7157
9.163
20.3603
4.91593
-3.26998
-12.2741
-8.41109
24.2161
13.1785
14.0011
14.0367
11.6937
6.3713
8.17039
6.20238
6.27966
15.103
22.2879
33.4899
2.84052
-14.6884
-5.91679
-25.4726
3.35631
-11.8303
-0.991138
-19.1804
-9.01582
-8.48421
-8.58174
-18.7716
-32.5526
-12.6813
-15.1521
-6.97797
9.00398
-1.02499
-7.768
-14.3495
19.9011
15.1882
8.80889
6.56766
1.05249
-12.2949
2.40588
-16.1886
-16.0604
-7.09434
3.52932
6.27254
9.71919
-10.7342
11.7874
-1.82524
-2.59408
-22.6057
16.5246
2.37809
18.6092
18.2257
13.9244
11.6871
-19.1024
-2.04665
5.81984
20.0461
-3.05449
-11.1622
-16.7297
-12.5224
-10.4999
-15.192
-5.85474
0.792478
17.0374
7.62067
5.54316
-0.253067
-19.7637
-8.76746
-0.381039
13.26
3.64492
-15.8978
16.3439
-4.95954
-11.8603
-22.7934
16.594
2.92432
20.6673
15.0126
31.0719
14.9619
-23.532
-3.57977
15.1844
23.7056
2.08557
-10.5471
-2.03768
-10.9568
-4.1354
-5.18476
8.76652
10.455
14.6888
-5.43478
17.2052
-7.89939
-24.1837
-15.7266
7.91441
10.4148
-6.75169
-20.3979
-17.5251
-18.638
19.7463
-0.748049
-1.27111
-10.2079
-8.17517
-13.7012
-15.128
-16.8153
10.3909
15.014
5.75055
13.2368
-15.5276
-9.37226
-27.268
-3.10506
9.53166
11.8126
-11.1829
8.12998
-14.4937
-21.5972
-13.4796
-11.27
-1.32384
4.69573
3.2727
17.6296
-6.64763
-11.3207
-17.187
-17.9283
4.17166
0.81814
-17.907
-18.3044
9.1321
6.39726
6.87194
-0.625666
8.72364
24.3057
7.48079
17.3244
-8.94841
0.744432
-21.5336
-2.43462
4.84853
18.8347
-18.006
4.41056
-6.33232
-16.0802
-1.70432
-10.7406
-7.72057
3.82228
-0.805346
10.4733
1.68435
-21.808
3.70539
-6.98748
6.91309
-17.1601
10.0355
-2.214
4.89858
-14.6461
-0.745619
-16.1854
-2.44616
-5.57437
5.56757
5.56854
9.78438
5.50368
2.03083
16.0239
12.4773
10.5895
7.09504
22.5053
7.13205
-14.58
0.647239
-11.4856
-6.70594
-9.02768
1.73708
8.01885
-3.14848
-20.3495
8.24053
-4.76259
-3.97093
-13.5852
7.22421
0.832175
24.5096
5.0742
32.692
8.76002
7.81786
12.9667
28.363
28.0395
4.80109
1.37602
5.33674
11.5839
5.8592
12.9947
7.47089
23.3029
10.9716
-16.0668
17.2346
-8.826
-7.79704
-7.27736
12.0986
12.6203
18.3222
33.591
11.9226
29.2841
23.8364
30.4771
18.4851
26.2427
0.238354
32.1897
-10.7073
14.6422
-18.3959
21.9246
-15.7367
17.0063
-8.20285
10.9921
-20.112
6.64991
5.55366
19.0942
-4.03731
16.0945
0.0825895
14.5811
-7.43861
5.93232
-14.2669
11.5747
-6.91331
16.8249
12.9057
22.4467
6.19866
9.23088
4.70423
13.7848
-2.24973
-0.653695
-8.8707
11.1709
-15.6651
-10.8268
-44.5164
-7.93784
-39.0012
-18.6017
6.92368
14.9552
-6.37164
0.625365
11.3809
21.9257
-0.89147
7.64312
-4.10444
-6.95127
-8.55316
-21.1291
-31.049
-14.3851
-21.9182
-15.9591
-0.924336
12.2935
-10.8364
4.74029
-16.0607
-5.20374
-13.5791
-1.33906
13.463
39.1909
-12.4809
6.91125
-30.4634
9.90096
-31.4571
1.59585
-6.55592
9.99815
-30.7851
-6.39789
-14.5471
2.61982
-25.1127
-1.08838
25.8767
33.5618
-5.45026
1.37344
-14.8619
10.4335
-19.9688
3.48946
2.36834
7.17659
1.2828
-0.151638
-16.8562
-6.24114
-6.84332
-3.44668
20.3038
31.4401
7.64506
3.84413
-31.0066
2.93391
-20.0103
-1.98275
10.6542
13.363
-5.82722
-3.88678
2.99121
14.4806
-1.12187
8.62342
31.0139
18.6718
11.8933
-9.91168
-12.6923
0.743572
-6.88804
-3.89076
13.6944
33.2756
7.26221
34.8948
23.5864
33.5167
2.25344
19.2594
4.99846
25.1398
-6.89193
12.6063
3.56684
31.0547
-10.6678
15.2012
-16.676
13.6972
-22.6489
21.2501
-5.94534
17.7508
-25.5491
10.697
-16.0712
-6.51665
-18.5683
-4.18262
-20.6216
-0.74681
-24.1931
-0.462885
8.77136
28.0054
0.769023
19.4529
2.08851
19.8393
-22.1099
-5.885
12.6944
26.3066
3.69246
8.06001
-8.60795
20.5185
-21.2494
-2.34335
-12.4207
12.1697
-21.0426
8.47202
-13.8486
12.2324
-37.3966
-7.36717
-14.818
-17.2282
-15.5054
-21.686
-34.8228
-18.745
-37.8798
-26.5482
11.0851
18.1011
1.6125
16.9461
4.70576
8.33818
-8.32226
2.65194
17.8599
21.2636
-8.55664
-5.52998
-4.48457
12.5329
-21.9
-6.23532
19.5813
36.7995
1.76048
32.7705
12.9435
29.7518
-7.16286
22.4616
27.333
19.5599
1.50213
-1.17366
0.772534
9.58702
-14.7873
-1.85125
2.25676
6.24373
0.347945
4.05092
-11.07
-2.29891
-17.8295
-10.3182
28.8912
23.0839
14.497
-0.288847
-3.69654
12.2777
-10.3849
-4.36493
13.3056
22.0591
1.96981
15.9136
4.13681
20.6481
-10.7798
9.94612
25.2958
2.87614
10.4086
-15.5153
-7.09143
-4.75587
-13.0029
-15.1473
15.763
12.7284
-1.58694
-2.26002
26.4316
12.0744
14.6736
1.70209
-2.47735
11.5735
-16.8453
-9.12751
-8.63623
11.0893
-4.85571
7.56112
12.2023
16.1091
-11.3168
0.425815
23.2014
18.7593
6.54414
8.96214
12.2458
11.8591
0.642738
-0.602673
2.46005
10.7219
10.2754
16.7027
12.8098
13.7396
5.77392
0.463742
7.0634
4.83826
4.32423
-5.11664
-13.1229
-1.28954
-12.7181
-15.8193
-38.9925
-13.3167
-21.7344
-11.9689
24.6025
27.038
10.3187
11.9886
23.603
25.8574
14.8859
15.3988
1.33274
-6.7071
3.42365
-14.0764
-23.7474
-14.971
-3.53334
-5.19291
-2.66091
-8.79512
-22.508
-26.0146
-7.06298
-18.2526
-9.97279
-19.5105
10.3351
17.1138
-18.0157
-17.3039
-15.5359
3.18481
-14.3929
-2.7148
-5.28606
-5.06879
-40.1098
-31.7906
-10.4547
-12.319
-27.0712
-21.8093
17.67
9.42126
-16.7236
-25.5649
-12.925
-6.25799
-16.5548
-11.4561
5.05318
0.201529
4.65411
-6.17138
-6.13634
-7.87568
9.10666
0.41775
17.5976
19.4769
13.1534
0.364352
-18.3567
3.63236
5.39776
11.7427
11.1559
7.22008
-5.29862
-9.73394
3.61619
5.76646
4.07367
4.74869
18.0393
-0.544474
6.47363
-21.3042
-18.2226
-13.7229
-0.319717
-5.98976
-0.878132
0.317699
-10.8201
-1.30408
14.7298
3.58025
-5.56936
-9.37445
-1.28049
0.878469
-9.15266
-7.36805
10.3248
17.1358
4.65202
10.1129
-1.62469
13.3785
-11.7669
17.0308
6.91013
12.5417
-12.3194
6.13097
-0.811595
-6.22421
0.0499583
-0.262677
-0.236844
1.97633
4.09398
10.4314
-1.47755
9.06325
-2.36821
7.89128
-5.14382
1.21929
-17.6869
-12.5808
6.73931
12.0613
12.3771
8.72326
-4.22538
13.9163
2.31654
10.5067
1.76456
20.6771
-0.405116
23.7004
-4.55846
13.1501
-17.1107
4.81522
-4.42416
-12.1094
8.86859
-2.31813
-22.003
-13.8948
-6.53625
-2.90522
-3.61899
-16.037
-15.586
-19.4177
1.29757
-17.1986
-9.6813
-20.5668
10.2147
-5.41267
-11.1683
-26.9039
6.48713
1.77902
-1.35115
-7.14317
14.5432
15.3427
-6.43163
8.42852
11.2896
8.98466
-7.42719
3.35286
21.2684
-2.52041
-0.188401
-18.6111
5.4132
-4.48261
-1.229
-6.7344
-6.16555
-11.9204
0.0526538
-5.71737
-10.8957
-14.561
-4.98455
-9.64073
23.528
8.38179
24.7889
0.93297
6.85789
10.7987
20.3683
14.6236
9.35974
11.3867
5.49137
12.9775
0.875737
7.96602
-2.02977
9.54395
16.3237
-12.4196
16.432
-15.5466
-8.05763
-14.7402
5.57008
-5.32358
5.32358
-5.57008
14.7402
8.05763
15.5466
-16.432
12.4196
-16.3237
-9.54395
2.02977
-7.96602
-0.875737
-12.9775
-5.49137
-11.3867
-9.35974
-14.6236
-20.3683
-10.7987
-6.85789
-0.93297
-24.7889
-8.38179
-23.528
9.64073
4.98455
14.561
10.8957
5.71737
-0.0526538
11.9204
6.16555
6.7344
1.229
4.48261
-5.4132
18.6111
0.188401
2.52041
-21.2684
-3.35286
7.42719
-8.98466
-11.2896
-8.42852
6.43163
-15.3427
-14.5432
7.14317
1.35115
-1.77902
-6.48713
26.9039
11.1683
5.41267
-10.2147
20.5668
9.6813
17.1986
-1.29757
19.4177
15.586
16.037
3.61899
2.90522
6.53625
13.8948
22.003
2.31813
-8.86859
12.1094
4.42416
-4.81522
17.1107
-13.1501
4.55846
-23.7004
0.405116
-20.6771
-1.76456
-10.5067
-2.31654
-13.9163
4.22538
-8.72326
-12.3771
-12.0613
-6.73931
12.5808
17.6869
-1.21929
5.14382
-7.89128
2.36821
-9.06325
1.47755
-10.4314
-4.09398
-1.97633
0.236844
0.262677
-0.0499583
6.22421
0.811595
-6.13097
12.3194
-12.5417
-6.91013
-17.0308
11.7669
-13.3785
1.62469
-10.1129
-4.65202
-17.1358
-10.3248
7.36805
9.15266
-0.878469
1.28049
9.37445
5.56936
-3.58025
-14.7298
1.30408
10.8201
-0.317699
0.878132
5.98976
0.319717
13.7229
18.2226
21.3042
-6.47363
0.544474
-18.0393
-4.74869
-4.07367
-5.76646
-3.61619
9.73394
5.29862
-7.22008
-11.1559
-11.7427
-5.39776
-3.63236
18.3567
-0.364352
-13.1534
-19.4769
-17.5976
-0.41775
-9.10666
7.87568
6.13634
6.17138
-4.65411
-0.201529
-5.05318
11.4561
16.5548
6.25799
12.925
25.5649
16.7236
-9.42126
-17.67
21.8093
27.0712
12.319
10.4547
31.7906
40.1098
5.06879
5.28606
2.7148
14.3929
-3.18481
15.5359
17.3039
18.0157
-17.1138
-10.3351
19.5105
9.97279
18.2526
7.06298
26.0146
22.508
8.79512
2.66091
5.19291
3.53334
14.971
23.7474
14.0764
-3.42365
6.7071
-1.33274
-15.3988
-14.8859
-25.8574
-23.603
-11.9886
-10.3187
-27.038
-24.6025
11.9689
21.7344
13.3167
38.9925
15.8193
12.7181
1.28954
13.1229
5.11664
-4.32423
-4.83826
-7.0634
-0.463742
-5.77392
-13.7396
-12.8098
-16.7027
-10.2754
-10.7219
-2.46005
0.602673
-0.642738
-11.8591
-12.2458
-8.96214
-6.54414
-18.7593
-23.2014
-0.425815
11.3168
-16.1091
-12.2023
-7.56112
4.85571
-11.0893
8.63623
9.12751
16.8453
-11.5735
2.47735
-1.70209
-14.6736
-12.0744
-26.4316
2.26002
1.58694
-12.7284
-15.763
15.1473
13.0029
4.75587
7.09143
15.5153
-10.4086
-2.87614
-25.2958
-9.94612
10.7798
-20.6481
-4.13681
-15.9136
-1.96981
-22.0591
-13.3056
4.36493
10.3849
-12.2777
3.69654
0.288847
-14.497
-23.0839
-28.8912
10.3182
17.8295
2.29891
11.07
-4.05092
-0.347945
-6.24373
-2.25676
1.85125
14.7873
-9.58702
-0.772534
1.17366
-1.50213
-19.5599
-27.333
-22.4616
7.16286
-29.7518
-12.9435
-32.7705
-1.76048
-36.7995
-19.5813
6.23532
21.9
-12.5329
4.48457
5.52998
8.55664
-21.2636
-17.8599
-2.65194
8.32226
-8.33818
-4.70576
-16.9461
-1.6125
-18.1011
-11.0851
26.5482
37.8798
18.745
34.8228
21.686
15.5054
17.2282
14.818
7.36717
37.3966
-12.2324
13.8486
-8.47202
21.0426
-12.1697
12.4207
2.34335
21.2494
-20.5185
8.60795
-8.06001
-3.69246
-26.3066
-12.6944
5.885
22.1099
-19.8393
-2.08851
-19.4529
-0.769023
-28.0054
-8.77136
0.462885
24.1931
0.74681
20.6216
4.18262
18.5683
6.51665
16.0712
-10.697
25.5491
-17.7508
5.94534
-21.2501
22.6489
-13.6972
16.676
-15.2012
10.6678
-31.0547
-3.56684
-12.6063
6.89193
-25.1398
-4.99846
-19.2594
-2.25344
-33.5167
-23.5864
-34.8948
-7.26221
-33.2756
-13.6944
3.89076
6.88804
-0.743572
12.6923
9.91168
-11.8933
-18.6718
-31.0139
-8.62342
1.12187
-14.4806
-2.99121
3.88678
5.82722
-13.363
-10.6542
1.98275
20.0103
-2.93391
31.0066
-3.84413
-7.64506
-31.4401
-20.3038
3.44668
6.84332
6.24114
16.8562
0.151638
-1.2828
-7.17659
-2.36834
-3.48946
19.9688
-10.4335
14.8619
-1.37344
5.45026
-33.5618
-25.8767
1.08838
25.1127
-2.61982
14.5471
6.39789
30.7851
-9.99815
6.55592
-1.59585
31.4571
-9.90096
30.4634
-6.91125
12.4809
-39.1909
-13.463
1.33906
13.5791
5.20374
16.0607
-4.74029
10.8364
-12.2935
0.924336
15.9591
21.9182
14.3851
31.049
21.1291
8.55316
6.95127
4.10444
-7.64312
0.89147
-21.9257
-11.3809
-0.625365
6.37164
-14.9552
-6.92368
18.6017
39.0012
7.93784
44.5164
10.8268
15.6651
-11.1709
8.8707
0.653695
2.24973
-13.7848
-4.70423
-9.23088
-6.19866
-22.4467
-12.9057
-16.8249
6.91331
-11.5747
14.2669
-5.93232
7.43861
-14.5811
-0.0825895
-16.0945
4.03731
-19.0942
-5.55366
-6.64991
20.112
-10.9921
8.20285
-17.0063
15.7367
-21.9246
18.3959
-14.6422
10.7073
-32.1897
-0.238354
-26.2427
-18.4851
-30.4771
-23.8364
-29.2841
-11.9226
-33.591
-18.3222
-12.6203
-12.0986
7.27736
7.79704
8.826
-17.2346
16.0668
-10.9716
-23.3029
-7.47089
-12.9947
-5.8592
-11.5839
-5.33674
-1.37602
-4.80109
-28.0395
-28.363
-12.9667
-7.81786
-8.76002
-32.692
-5.0742
-24.5096
-0.832175
-7.22421
13.5852
3.97093
4.76259
-8.24053
20.3495
3.14848
-8.01885
-1.73708
9.02768
6.70594
11.4856
-0.647239
14.58
-7.13205
-22.5053
-7.09504
-10.5895
-12.4773
-16.0239
-2.03083
-5.50368
-9.78438
-5.56854
-5.56757
5.57437
2.44616
16.1854
0.745619
14.6461
-4.89858
2.214
-10.0355
17.1601
-6.91309
6.98748
-3.70539
21.808
-1.68435
-10.4733
0.805346
-3.82228
7.72057
10.7406
1.70432
16.0802
6.33232
-4.41056
18.006
-18.8347
-4.84853
2.43462
21.5336
-0.744432
8.94841
-17.3244
-7.48079
-24.3057
-8.72364
0.625666
-6.87194
-6.39726
-9.1321
18.3044
17.907
-0.81814
-4.17166
17.9283
17.187
11.3207
6.64763
-17.6296
-3.2727
-4.69573
1.32384
11.27
13.4796
21.5972
14.4937
-8.12998
11.1829
-11.8126
-9.53166
3.10506
27.268
9.37226
15.5276
-13.2368
-5.75055
-15.014
-10.3909
16.8153
15.128
13.7012
8.17517
10.2079
1.27111
0.748049
-19.7463
18.638
17.5251
20.3979
6.75169
-10.4148
-7.91441
15.7266
24.1837
7.89939
-17.2052
5.43478
-14.6888
-10.455
-8.76652
5.18476
4.1354
10.9568
2.03768
10.5471
-2.08557
-23.7056
-15.1844
3.57977
23.532
-14.9619
-31.0719
-15.0126
-20.6673
-2.92432
-16.594
22.7934
11.8603
4.95954
-16.3439
15.8978
-3.64492
-13.26
0.381039
8.76746
19.7637
0.253067
-5.54316
-7.62067
-17.0374
-0.792478
5.85474
15.192
10.4999
12.5224
16.7297
11.1622
3.05449
-20.0461
-5.81984
2.04665
19.1024
-11.6871
-13.9244
-18.2257
-18.6092
-2.37809
-16.5246
22.6057
2.59408
1.82524
-11.7874
10.7342
-9.71919
-6.27254
-3.52932
7.09434
16.0604
16.1886
-2.40588
12.2949
-1.05249
-6.56766
-8.80889
-15.1882
-19.9011
14.3495
7.768
1.02499
-9.00398
6.97797
15.1521
12.6813
32.5526
18.7716
8.58174
8.48421
9.01582
19.1804
0.991138
11.8303
-3.35631
25.4726
5.91679
14.6884
-2.84052
-33.4899
-22.2879
-15.103
-6.27966
-6.20238
-8.17039
-6.3713
-11.6937
-14.0367
-14.0011
-13.1785
-24.2161
8.41109
12.2741
3.26998
-4.91593
-20.3603
-9.163
-10.7157
3.57727
0.676076
1.6771
-6.96525
-3.8443
-4.03056
-25.3786
-2.98071
-29.9276
8.20861
-6.33825
4.52908
-16.5924
-4.57075
-8.07043
11.5571
8.32429
8.28205
-24.4944
16.2967
-17.1886
-25.4135
-13.1999
-11.347
-7.56109
-14.967
-15.0327
3.54288
-5.92625
2.66212
1.33258
13.3056
17.7172
5.43638
-22.1962
9.23651
-13.6306
11.624
4.62886
29.1401
19.1916
8.03461
-8.26612
31.2639
11.0341
-7.52839
4.42421
16.3699
19.9878
0.683244
-8.47322
15.1731
-3.2938
-36.1746
-14.6906
-9.87909
-5.42428
-33.665
-16.2927
-4.22135
-4.85392
12.3844
21.0715
29.7195
35.5463
14.9339
5.48569
24.1304
10.8462
-2.0782
-5.23862
26.5882
11.8729
-9.18817
-13.4865
23.8962
7.06729
0.952383
7.16106
4.849
11.5907
19.1529
2.35203
26.2816
9.03809
-4.37968
13.3698
-14.0302
-4.44226
6.77307
18.5104
12.9113
15.5114
-3.20442
4.58449
-13.5998
0.196483
3.82042
-8.42641
-2.07285
-9.28807
12.9443
10.895
-2.06425
-6.80069
8.96392
3.87638
11.0141
2.26357
-11.8048
7.1743
8.99616
19.9068
11.382
15.5193
34.1199
29.213
-17.6997
6.63826
-5.98724
1.58769
-4.85641
21.6372
21.3495
30.1044
-9.90728
5.21641
-4.47704
8.05247
6.52028
9.77594
15.1574
14.8431
-9.94249
-10.8388
-4.66677
-16.8518
-7.81589
-3.58286
13.2232
5.19181
-15.4877
-17.0906
14.3245
18.9471
-5.2054
-37.1078
0.544415
-26.1081
-17.2378
-19.2497
9.60074
5.11988
3.46305
-11.8509
18.7959
0.0371714
0.533167
7.9664
30.8298
49.9629
-6.66676
-26.5593
0.837424
-8.33094
11.5192
-2.8355
47.7762
36.4268
10.7804
-13.9026
36.8016
14.1482
-24.0316
-4.80166
12.2882
29.1421
-21.2498
-24.1516
-10.2876
-16.5411
-17.2738
-4.63472
20.5311
22.0996
-7.36909
0.135576
17.6347
13.0932
-6.69562
16.1348
29.0298
54.9586
-16.9796
-13.3072
-5.3418
0.453218
-2.82264
-7.96204
43.3219
32.5863
-9.94122
-17.2412
24.6722
10.8002
-8.9233
-11.332
9.12969
13.2127
11.0859
-15.3551
16.4219
-4.50306
-12.1631
-19.1534
-8.56948
-17.7626
13.6232
-0.40188
17.0564
-0.147216
13.681
19.7185
23.4109
41.4144
15.1109
0.0899473
13.3938
9.36308
14.8534
-5.06951
19.058
2.40648
18.103
-5.881
23.417
1.72877
-39.8813
-24.139
-6.18672
7.44571
-17.745
-17.8673
1.93737
-1.27046
-27.3725
-22.3936
-3.67863
-9.50417
-2.75488
3.35683
19.4833
13.8149
-22.5874
-3.83457
1.70529
23.8226
-14.614
-8.75197
-3.06363
5.1872
-21.2874
-34.6769
1.93856
-16.781
-14.7902
-24.073
8.25007
-7.33859
9.49084
-16.2841
24.992
7.12845
16.2881
-20.1045
23.3704
-6.0866
-2.71815
-6.13105
1.60113
-2.59495
-19.5072
-16.5404
-11.0503
-9.84235
-10.8405
-20.248
-1.46493
2.51329
6.76631
-10.285
8.99292
4.35153
13.9539
5.52958
21.0816
17.3484
4.017
4.94618
16.5523
21.1968
3.17076
-19.4969
10.6081
-12.7496
9.4299
-15.6877
7.15314
-19.6303
-1.66416
-8.15164
-0.950038
-16.8222
-22.2871
-14.2271
-18.7306
-21.031
-0.772989
-12.5088
-0.539975
-7.49157
20.7121
9.50019
12.5009
5.09743
15.7745
-1.16005
18.2183
-2.62669
6.4201
7.00676
12.9762
8.67674
-1.97081
-12.6429
23.0281
20.5336
-19.2255
-34.248
8.69996
0.879269
5.53053
13.048
7.86178
14.8622
-39.952
-19.7875
-22.1377
-3.46596
-17.8972
-12.7917
-7.83141
10.9259
-25.4393
-21.7105
-11.1771
5.22782
18.2836
20.1997
14.6157
21.4891
-21.4438
-3.90691
-8.35872
13.1597
-7.18389
-17.4305
18.8852
8.21456
-15.3491
-21.7784
12.3512
4.52217
14.9321
16.6931
22.7922
15.4346
-24.7567
-2.181
-2.70886
9.77258
-13.3483
-13.2529
-3.29111
1.85453
-7.3846
-0.498201
5.57372
16.5347
21.8262
12.5502
22.6083
9.68811
-7.69116
6.82133
8.54867
18.4412
6.97683
-16.0966
14.8593
5.65597
32.1212
-2.59255
15.6357
-6.18376
0.872876
-15.9608
-3.33876
-14.9969
15.2558
3.77915
-0.767309
-8.04416
-15.0666
-14.9065
-7.34085
12.1636
13.4837
4.97717
-1.88861
7.97346
-1.23561
-16.2147
3.33
-0.99931
12.5958
5.94746
6.61986
9.64562
2.59972
-11.9858
1.15559
-8.16137
24.3468
6.28859
-2.7606
-16.526
20.1813
5.65364
11.1017
-6.85197
27.8711
26.8681
5.68481
0.280121
-14.4209
-11.2086
-17.1005
-3.14534
15.1485
17.8619
-11.9245
0.556056
7.47464
-10.6342
6.09352
-9.96697
19.0293
17.419
5.8114
5.27368
2.32206
-16.1627
20.1744
15.8258
7.79383
-16.064
12.6235
1.92612
-1.07194
-17.4895
-6.79953
-17.7754
-11.0032
-15.7964
-17.1968
-17.5241
2.65676
6.81556
11.5448
35.3141
10.4374
12.1968
7.57269
27.9669
10.8738
-4.27915
5.11587
0.878931
-0.706062
-1.26092
-5.66012
3.72528
-13.5625
-26.2412
4.09711
-3.04691
-1.86058
-11.7447
1.48118
-3.84399
13.9696
-2.82378
12.508
-7.44525
6.97277
9.97135
3.74985
2.61285
-14.8306
-10.3014
-7.21401
8.32419
3.59658
13.8941
-1.8348
18.496
8.69154
-12.2729
6.12085
-12.5291
4.46247
6.26379
1.40039
4.54044
28.1431
3.21242
22.8622
6.11172
23.9005
-14.3424
14.7443
-16.294
3.95204
1.78637
-4.98273
-7.66273
-16.5558
-15.0363
-16.8093
-16.7798
15.497
9.9491
3.43093
11.5376
14.1522
-1.73403
-0.519137
-3.7266
20.2241
16.0623
13.4382
14.2363
-1.34334
1.15386
1.82195
8.30341
11.1006
-1.03054
8.37738
-4.17505
3.6206
-13.655
-4.27308
-22.9457
-9.71608
-5.26414
-11.6345
-16.2984
-36.7571
-20.4522
-31.2895
-25.0761
9.65253
11.4685
-0.934588
5.93444
9.4868
9.13211
-5.00089
-1.27828
2.13297
-0.846875
1.28462
-5.33676
-21.5512
-9.70438
-13.7436
-6.51399
25.4603
14.5839
30.6925
28.2624
2.7458
-15.1756
15.4481
4.99741
19.7449
27.4609
9.83744
17.3053
-23.8764
-6.20787
-13.7571
2.68747
-2.73862
5.17779
-13.0991
8.73797
-23.6523
-19.8071
-25.2728
-8.48256
12.1402
17.2701
-4.426
5.93008
-33.6378
-15.5815
-28.9073
-6.60069
11.483
10.7242
28.4068
27.4929
-4.84137
-4.47736
18.2574
17.4905
16.3826
28.0343
22.6254
25.4274
-24.1444
5.62758
0.829912
20.7765
-12.1435
0.454938
-11.8911
6.02646
-22.2507
-5.55571
-14.5535
6.48491
-2.27077
1.35928
-3.76543
-3.51075
-40.538
-15.814
-22.0313
-1.65833
14.0076
-8.30343
8.54855
0.376407
28.6737
-7.97223
3.39028
-20.0925
4.37175
-11.2966
-5.65339
-15.8774
15.5974
2.59157
-1.69553
-10.2327
6.30902
10.2467
0.0336741
23.5846
16.4693
9.0459
-8.36047
2.85359
8.5228
-2.27574
6.61536
6.73549
11.2852
6.12298
3.3799
8.16059
0.76843
-3.36253
-3.39573
-1.98931
9.33789
-0.960266
-15.9459
-21.6824
10.8184
7.1482
6.54682
-0.280539
12.6516
19.8117
-0.182981
2.84415
-7.09691
9.58523
-13.1561
14.5377
1.38314
14.8719
-24.5258
-1.00107
-0.818328
-5.05435
1.94901
0.0301497
-3.03195
6.53602
-7.55773
3.35167
17.1776
-1.59341
22.7037
18.3377
17.7511
-9.0876
14.7982
1.38885
9.01701
-7.28388
-1.50875
-12.0991
1.50851
-5.8626
-4.93967
-7.576
11.8994
18.7871
7.80163
34.5688
6.86993
8.66385
-4.43688
16.2607
7.26444
-4.75654
-3.95117
-4.78733
-9.80439
-9.92182
-15.6725
-5.58084
-5.61085
-8.88368
10.3441
12.8748
-1.50653
-4.6793
4.67419
6.32924
13.155
6.17037
17.5167
7.64109
5.88154
15.9944
13.0256
19.2718
-17.6815
-0.731117
-12.4292
15.7991
-14.7637
5.26053
-18.0156
12.3107
-11.011
-19.1513
-8.4179
-13.9749
-23.4284
-11.4974
-16.783
-3.24449
-3.47426
-8.99626
-0.344633
-2.16837
19.1589
-2.47801
13.7564
-5.15791
-9.67664
0.00639995
-19.4797
-14.7929
-6.70048
3.86508
-12.479
-7.88545
-26.8629
-22.0116
-29.0921
-15.0682
0.945452
-7.34438
-8.54588
-8.63885
2.69624
1.37365
-3.53159
-4.37614
6.89016
9.42387
5.95673
7.99275
-0.0923824
-2.13521
3.79072
-3.15536
18.4072
8.41714
12.463
-3.40603
-7.50469
-0.524391
-12.0956
-18.7131
-11.9579
4.0726
-13.8196
-12.3625
-9.57987
-6.68503
-12.1343
-8.66843
18.5113
16.4327
7.39939
4.91615
3.14831
-6.31265
1.05383
-16.5306
4.32922
6.89225
6.23391
-0.302264
-12.8123
-6.99909
-15.0044
-5.22678
-3.65314
-7.68759
-3.03194
-4.0777
10.2941
27.1397
-16.3165
-4.20092
-4.84533
19.1501
-16.086
2.20363
-29.7631
-14.1665
-46.1216
-21.0863
-16.5259
-7.80316
-28.8011
-11.6154
20.7808
26.031
-11.0621
-5.06776
5.76208
21.1358
-9.44104
5.70114
-5.33362
1.27687
2.36167
4.33507
9.31941
14.25
18.5328
17.8505
23.8034
35.2645
11.5389
9.66835
10.8621
37.6407
12.6723
25.1435
-15.0089
-4.05066
-22.5587
-10.7633
8.13861
20.3907
3.37676
15.4904
25.9446
20.3746
7.36901
-6.05839
17.5404
30.2616
14.3093
18.1975
-4.04746
-10.1128
-0.609294
2.98234
28.7095
5.50654
7.66645
-6.85527
2.36862
-4.61395
-8.03806
-14.0582
28.2934
21.1706
5.96208
-1.17403
-29.2345
-18.0606
-25.1863
1.11894
1.29397
-1.69594
-17.8691
-6.70345
-4.1254
-15.2476
-4.98806
-9.67356
15.6135
7.32478
4.09609
1.26841
-10.2247
-7.43026
-7.29584
-3.44599
15.5394
9.36388
-7.3082
-13.404
11.2929
6.98818
4.83558
-7.10829
26.9291
30.6518
7.25183
2.35972
-32.8754
-18.2773
-30.4152
-9.28742
-4.92338
3.67851
-26.9698
-12.8138
-8.28575
-22.1658
-6.27785
-22.3227
5.58083
2.70203
-4.36121
-10.3805
-6.20472
-11.4491
-7.61623
-2.93746
17.4574
1.34274
2.91012
-4.2572
12.5197
2.18555
-14.2225
-23.328
24.7082
20.5011
-2.61324
-6.56748
-6.9808
4.42422
-16.5898
10.2126
13.3558
16.8642
-8.1191
9.81103
22.1127
7.04898
-3.89299
-12.2538
27.0182
21.0553
1.70316
1.46744
-20.8997
-19.9661
-13.6866
-11.4314
5.39713
3.62801
-1.82081
-3.24407
20.1669
9.8287
6.50798
-11.2031
31.6942
35.6508
16.1608
11.7687
-25.765
-13.6177
-27.8281
-8.88498
1.62263
14.041
-13.6017
4.63689
10.0496
-10.4538
-3.95157
-26.3536
18.7103
15.4755
4.10457
-2.00464
7.63534
-9.81298
6.02111
-7.4601
20.4902
-15.7675
14.8876
-18.3788
-10.4833
-12.3237
-17.5022
-24.0699
-9.9644
-13.6167
-8.41509
-17.7706
5.41918
1.35945
-2.21341
3.16829
15.5375
-4.35785
5.18641
-6.24324
14.9767
5.14604
10.8735
1.78972
8.80168
0.13279
14.5365
5.63879
7.4426
3.16563
17.2033
8.29199
13.4646
-1.4541
17.9417
-2.58713
-15.8857
-10.7366
-7.07093
-15.2508
-25.4955
-13.9907
-9.40777
-12.2076
13.938
17.614
16.6016
21.1175
21.6398
17.6479
20.2897
16.1619
2.66485
-5.61201
13.3165
-2.81498
-9.2225
-8.16987
9.97197
2.19425
-3.36683
-10.5286
-9.28747
-12.216
1.59399
-18.11
3.03031
-13.4161
6.58847
10.8621
-16.2226
-16.4102
-5.42816
3.30077
-8.32566
-5.03373
-19.103
-13.4661
-39.8496
-24.5051
-17.9758
-21.9073
-30.0955
-25.2951
10.2046
5.89798
-18.4984
-21.7919
-9.60313
-6.48067
-17.1227
-13.9629
2.49535
5.82305
17.0836
16.0431
10.2508
9.20404
30.9008
24.5101
14.4816
23.0628
16.6381
12.1566
1.96379
23.168
22.7386
29.9043
-11.1549
-0.464123
-12.4713
-0.67445
-2.8167
6.47339
3.19854
12.619
4.56262
-0.87201
-0.251534
-13.2746
-11.3299
-1.16776
3.74417
5.3421
-5.75898
-23.8326
0.375868
-7.77191
17.7812
-20.1245
3.97851
-24.9771
-2.80907
-21.397
-2.99103
-20.3477
21.22
-0.202605
13.6571
-7.51002
-3.11399
-0.933004
2.97136
20.5525
10.286
-4.39138
-2.29628
-2.54927
10.4436
-9.26862
19.1462
6.13947
20.3751
0.801868
22.9665
9.12317
-13.6505
-13.1722
2.59653
4.39916
0.197519
-10.9886
-4.78822
-15.6257
0.401223
-5.81667
14.7901
1.20195
11.4424
10.5574
17.155
7.92412
-13.6587
1.63853
1.46003
23.5559
-5.53454
1.07207
-10.3786
2.05085
-4.62033
-17.3982
17.5743
2.90044
-3.26046
-7.7316
11.5278
4.18502
-10.5345
-28.8358
-8.23401
-16.3433
9.49086
-22.3753
3.19921
-19.4507
3.48899
-19.4991
-12.0131
-33.5038
19.3617
-0.193811
7.82407
-11.2098
-3.43638
-2.07299
-9.99292
7.03675
5.35171
-3.87599
-8.52708
-3.06423
12.8709
-11.8315
-2.55426
-20.2849
13.5489
-4.74713
3.35809
-8.94197
-24.9856
-27.4168
-3.43898
-4.27974
-5.02488
-12.8532
6.63436
-0.579291
7.38032
-5.91964
15.583
-4.82105
19.8926
18.1929
30.7645
20.985
-27.1663
-15.3685
-15.5555
3.30709
-14.0265
-4.65206
-11.0332
4.4303
-8.13763
-28.5875
-0.936778
-23.0164
-6.40366
-12.2795
4.73627
-3.74509
